1 | 1 2 3 4 5 6 7 8 9 10 | 114.94 142.33 132.20 131.74 42.30 31.40 19.45 19.45 26.43 23.69
2 | 1 2 3 4 5 6 7 8 9 10 | 115.50 139.00 145.90 112.90 30.80 26.10 124.40 131.00 17.45 25.32
3 | 1 2 3 4 5 6 7 8 9 10 | 23.60 131.50 119.60 21.50 17.60 19.40 25.50 17.20 21.25 21.25
4 | 1 2 3 4 5 6 7 8 9 10 | 108.71 150.00 21.01 41.23 30.82 120.78 133.55 22.96 30.81 28.06
5 | 1 2 3 4 5 6 7 8 9 10 | 23.00 131.16 119.10 27.74 140.66 34.74 21.40 21.40 116.30 31.84
6 | 1 2 3 4 5 6 7 8 9 10 11 12 13 14 15 | 101.67 165.81 44.20 27.80 27.80 50.57 47.87 33.69 27.12 27.12 39.70 19.30 39.91 40.05 20.19
7 | 1 2 3 4 5 6 7 8 9 10 | 105.86 152.34 23.55 23.55 40.37 26.93 51.72 40.63 23.95 23.95
8 | 1 2 3 4 5 6 7 8 9 10 | 22.39 144.42 116.15 31.43 40.98 31.53 47.28 38.19 23.92 23.92
9 | 1 2 3 4 5 6 7 8 9 10 11 12 13 14 15 | 17.90 139.20 125.80 23.30 39.70 133.20 15.15 125.00 42.00 37.40 27.10 27.10 141.00 127.70 40.40
10 | 1 2 3 4 5 6 7 8 9 10 11 12 13 14 15 | 105.50 156.90 42.70 27.80 27.80 50.57 47.87 33.69 26.85 26.85 39.70 19.30 34.66 40.05 20.44
11 | 1 2 3 4 5 6 7 8 9 10 | 23.40 134.10 120.90 29.60 127.80 121.60 19.70 20.20 26.80 31.60
12 | 1 2 3 4 5 6 7 8 9 10 11 12 13 14 15 | 111.80 153.90 34.10 27.90 123.90 134.80 16.10 39.30 28.70 52.90 47.60 39.60 32.50 26.10 26.10
13 | 1 2 3 4 5 6 7 8 9 10 11 12 13 14 15 | 111.80 153.90 34.10 27.90 123.90 134.80 16.10 39.30 28.70 52.90 47.60 39.60 32.50 26.10 26.10
14 | 1 2 3 4 5 6 7 8 9 10 | 98.96 166.44 46.88 28.85 23.78 48.04 37.41 41.83 27.62 27.62
15 | 1 2 3 4 5 6 7 8 10 11 | 23.17 132.90 120.70 25.90 44.50 71.90 26.90 26.90 23.60 30.90
16 | 1 2 3 4 5 7 8 9 10 11 | 23.30 133.70 118.70 34.50 71.70 36.90 16.95 16.95 31.10 27.20
17 | 1 2 3 4 5 6 7 8 9 11 | 20.30 46.30 20.30 45.00 27.20 33.90 48.90 11.30 79.90 40.30
18 | 1 2 5 6 7 8 9 10 11 12 13 14 | 21.10 170.80 79.70 36.90 45.20 26.83 28.20 48.80 19.80 47.90 18.25 18.25
19 | 1 2 3 4 5 6 7 9 10 11 | 11.30 48.90 33.90 27.20 45.00 40.30 79.90 46.30 20.30 20.30
20 | 1 2 3 4 6 7 8 9 10 11 12 13 14 15 16 17 18 19 20 21 | 111.16 145.40 73.30 27.90 41.00 20.00 58.50 149.20 109.40 31.60 24.23 45.70 33.48 28.09 28.09 42.19 19.31 36.70 38.10 22.40
21 | 1 2 3 4 5 6 7 8 9 10 11 12 13 14 15 | 112.90 146.80 129.70 138.00 52.50 31.80 20.60 20.60 28.10 36.60 134.70 15.55 125.31 23.83 30.80
22 | 1 2 3 4 5 6 7 8 9 10 | 21.01 135.00 129.14 126.34 145.56 33.90 23.85 23.85 126.34 129.14
23 | 1 2 3 4 6 7 8 9 10 11 12 13 14 15 16 17 18 19 20 21 | 110.90 145.40 73.30 27.90 41.00 20.00 58.50 149.20 109.40 31.60 24.23 45.70 33.48 28.09 28.09 42.19 19.31 36.70 38.10 22.40
24 | 1 2 3 4 5 6 7 8 9 10 11 12 13 14 15 | 112.90 146.80 129.70 138.00 52.50 31.80 20.60 20.60 28.10 36.60 134.70 16.13 125.31 24.95 30.80
25 | 1 2 3 4 5 6 7 8 10 11 | 19.90 32.80 19.90 34.10 33.75 35.59 74.73 23.53 26.30 20.08
26 | 1 2 3 4 6 7 8 9 10 11 12 14 15 17 18 19 20 21 22 23 24 25 | 111.16 145.40 73.30 27.90 41.00 20.00 56.54 147.28 109.09 40.50 72.31 170.23 21.11 61.10 33.23 27.39 27.39 41.20 19.30 39.24 37.43 14.94
27 | 1 2 3 4 5 6 7 8 9 10 11 12 13 14 15 16 17 20 21 22 | 21.40 34.96 21.40 144.98 133.77 139.14 140.39 29.75 24.80 38.67 19.62 35.51 17.90 36.90 47.20 16.10 185.20 46.07 19.12 26.60
28 | 1 2 3 4 5 6 7 8 9 10 11 12 13 14 15 | 108.50 148.50 35.90 23.50 40.80 35.20 20.44 28.05 29.75 143.90 35.13 21.98 21.98 127.83 54.32
29 | 1 2 3 4 5 6 7 8 9 10 11 12 13 14 15 | 19.82 139.19 116.14 30.08 45.59 52.50 50.50 41.86 18.72 41.90 21.80 39.70 32.90 28.15 28.15
30 | 1 2 3 4 6 7 8 9 10 11 12 14 15 16 17 18 19 20 21 22 | 111.16 145.40 73.30 27.90 41.00 20.00 56.54 148.39 108.76 37.24 69.65 61.40 33.23 27.39 27.39 41.20 18.92 39.34 37.22 16.59
31 | 1 2 3 4 5 6 7 8 9 10 11 12 13 14 15 16 17 20 21 22 | 21.40 34.96 21.40 144.98 133.77 139.14 147.29 29.75 24.80 38.79 19.62 36.24 18.60 36.90 47.20 16.10 185.20 46.07 20.05 26.60
32 | 1 2 3 4 5 6 7 8 9 10 11 12 13 14 17 18 19 20 21 22 | 109.83 150.38 37.02 21.90 36.43 20.73 51.63 136.20 121.70 24.59 44.48 46.25 16.95 184.10 37.50 18.35 38.65 35.00 13.91 46.30
33 | 1 2 3 4 5 6 7 8 9 10 11 12 13 14 15 | 27.12 33.69 27.12 39.70 21.70 39.91 44.02 20.17 50.57 59.04 19.55 24.02 63.30 33.76 25.30
34 | 1 2 3 4 5 6 7 8 9 10 11 12 13 14 15 | 26.85 33.69 26.85 39.70 21.80 34.66 44.02 19.76 50.57 33.37 19.55 28.03 63.30 34.10 21.79
35 | 1 2 3 4 6 7 8 9 10 11 12 14 15 16 17 18 19 20 21 22 | 111.16 145.40 73.30 27.90 41.00 20.00 56.54 147.28 109.09 39.45 68.92 61.40 33.23 27.39 27.39 41.20 19.30 39.24 37.43 14.94
36 | 1 2 3 4 5 6 7 8 9 10 | 22.39 144.42 116.15 31.43 40.98 31.53 47.28 38.19 23.92 23.92
37 | 1 2 3 4 5 6 7 8 9 10 | 22.39 144.42 116.15 31.43 40.98 31.53 47.28 38.19 23.92 23.92
38 | 1 2 3 4 5 6 7 8 9 10 11 12 13 14 15 16 17 19 20 21 22 23 24 25 26 27 28 29 30 | 12.30 23.00 46.05 26.40 34.00 36.30 18.80 56.10 28.30 24.30 56.86 32.15 31.98 121.43 140.84 42.32 71.51 31.64 37.32 36.50 18.19 50.37 21.16 39.91 42.30 15.17 28.95 19.20 19.20
39 | 1 2 3 4 5 6 7 8 9 10 11 12 13 14 15 16 17 19 20 21 22 23 24 25 26 27 28 29 30 | 12.30 23.00 46.05 26.40 34.00 36.30 18.80 56.10 28.30 24.30 56.90 32.30 32.00 121.30 141.20 42.40 71.30 31.60 37.50 36.50 19.40 50.50 21.20 40.00 42.30 12.00 28.95 19.20 19.20
40 | 1 2 3 4 6 7 8 9 10 11 12 13 14 15 16 18 19 20 21 22 | 111.16 145.40 73.30 27.90 41.00 20.00 58.50 149.20 109.40 38.50 24.40 57.10 39.60 27.10 64.90 35.40 19.00 39.00 38.90 15.30
41 | 1 2 3 4 5 6 7 8 9 10 11 12 13 14 15 | 23.04 143.91 116.10 30.08 36.96 44.34 44.78 33.23 19.82 19.82 21.80 36.26 39.41 19.27 54.28
42 | 1 2 3 4 5 6 7 8 9 10 11 12 13 14 15 | 19.80 131.00 126.67 36.81 42.36 31.70 19.60 19.60 141.37 124.40 133.70 21.20 127.10 125.12 133.75
43 | 1 2 3 4 5 6 7 8 9 10 11 12 13 14 15 | 23.90 133.00 123.70 47.74 42.70 27.17 36.23 135.96 21.90 121.20 23.80 41.50 28.50 21.85 21.85
44 | 1 2 3 4 5 6 7 8 9 10 11 12 13 14 15 | 23.04 143.91 116.10 30.08 36.96 44.34 44.78 33.23 19.82 19.82 21.80 36.26 39.41 19.27 54.28
45 | 1 2 3 4 5 6 7 8 9 10 11 12 13 14 15 | 23.04 143.91 116.10 30.08 36.96 44.34 44.78 33.23 19.82 19.82 21.80 36.26 39.41 19.27 54.28
46 | 1 2 3 4 5 6 7 8 9 10 11 12 13 14 15 | 108.76 147.21 23.68 26.94 45.59 43.44 50.50 41.86 18.72 36.26 21.80 44.78 33.23 19.82 19.82
47 | 1 2 3 4 5 6 7 8 9 10 11 12 13 14 15 | 23.04 143.91 116.10 30.08 36.96 44.34 44.78 33.23 19.82 19.82 21.80 36.26 39.41 19.27 54.28
48 | 1 2 3 4 5 6 7 8 9 10 11 12 13 14 15 | 19.80 131.00 126.67 36.81 30.20 29.36 20.01 20.01 140.38 126.10 133.70 21.20 127.10 125.12 133.75
49 | 1 2 3 4 5 6 7 8 9 10 11 12 13 14 15 | 23.70 135.90 123.70 40.95 41.50 28.50 21.85 21.85 23.80 121.20 135.96 21.90 38.82 27.17 36.23
50 | 1 3 4 5 6 7 8 9 10 11 12 | 55.92 156.07 111.92 140.23 21.75 123.03 125.39 138.50 27.40 23.05 23.05
51 | 1 2 3 4 5 6 7 8 9 10 11 12 13 14 15 16 | 112.81 145.03 57.48 24.90 36.11 28.70 128.66 123.10 21.83 20.89 41.33 44.35 24.38 151.55 109.65 19.60
52 | 1 2 3 4 5 6 7 8 9 10 11 12 13 14 15 | 110.08 148.77 41.74 23.33 35.15 28.70 128.66 123.10 20.89 21.83 27.90 49.55 148.07 113.14 22.80
53 | 1 2 3 4 5 6 7 8 9 10 11 12 13 14 15 16 17 18 19 20 | 24.00 33.50 24.00 145.70 123.80 124.15 146.90 134.70 126.85 29.94 19.05 49.91 33.42 27.39 27.39 41.49 18.89 38.48 38.32 23.69
54 | 1 2 3 4 5 6 7 8 9 10 11 12 13 14 15 | 21.20 133.70 127.60 121.53 140.38 140.38 126.10 43.25 32.50 20.02 20.02 19.10 27.10 32.60 21.33
55 | 1 2 3 4 5 6 7 8 9 10 11 12 13 14 15 16 17 18 19 20 | 24.00 33.50 24.00 145.70 123.80 124.15 146.90 134.70 126.85 29.94 20.84 48.29 38.58 23.92 38.56 18.25 34.15 48.40 24.30 205.85
56 | 1 2 3 4 5 6 7 8 9 10 11 12 13 14 15 | 110.26 151.34 21.54 42.14 23.43 41.10 35.80 16.30 41.90 23.50 36.90 150.90 105.30 49.80 25.33
57 | 1 2 3 4 5 6 7 8 9 10 11 12 13 14 15 | 18.98 29.71 18.98 36.10 26.43 33.74 41.00 20.17 53.06 38.75 19.55 24.02 46.84 33.76 25.30
58 | 1 2 3 4 5 6 7 8 9 10 11 12 13 14 15 | 21.20 133.70 127.60 121.68 138.94 141.37 124.40 43.30 31.70 19.60 19.60 19.10 27.10 32.54 22.15
59 | 1 2 3 4 5 6 7 8 9 10 11 12 13 14 15 | 21.70 134.57 127.83 43.98 128.02 132.96 19.45 33.87 25.70 38.90 29.71 18.98 18.98 29.75 31.73
60 | 1 2 3 4 5 6 7 8 9 10 11 12 13 14 15 | 23.90 133.00 123.70 45.29 41.45 28.80 40.30 135.96 21.90 121.20 23.80 41.50 28.50 21.85 21.85
61 | 1 2 3 4 5 6 7 8 9 10 11 12 13 14 15 | 106.30 152.50 32.60 25.85 44.45 26.95 18.60 18.60 40.86 123.70 133.00 23.90 30.80 25.00 42.80
62 | 1 2 3 4 6 7 8 9 10 11 12 13 14 15 16 17 18 19 20 21 | 111.16 145.40 73.30 27.90 41.00 20.00 58.50 149.20 109.40 31.60 24.23 45.70 33.48 27.65 27.65 42.00 19.31 36.70 38.10 22.40
63 | 1 2 3 4 5 6 7 8 9 10 11 12 13 14 15 16 17 18 19 20 | 24.00 33.40 24.00 145.40 123.80 124.10 146.60 134.70 126.85 30.10 21.60 44.70 39.60 24.00 38.10 18.60 37.55 47.50 16.25 185.35
64 | 1 2 3 4 5 6 7 8 9 10 11 12 13 14 15 | 110.18 143.42 29.75 26.43 41.45 149.80 105.30 32.60 25.40 48.20 28.20 21.12 21.12 38.90 31.44
65 | 1 2 3 4 5 6 7 8 9 10 11 12 14 15 16 17 18 19 20 21 | 21.40 35.03 21.40 145.10 122.50 135.60 124.09 24.59 49.63 48.40 24.30 205.85 34.15 19.20 38.65 35.00 13.91 50.90 22.73 27.57
66 | 1 2 3 4 5 6 7 8 9 10 11 12 13 14 15 | 106.30 152.50 32.60 25.85 44.45 26.95 18.60 18.60 40.86 123.70 133.00 23.90 30.80 25.00 42.80
67 | 1 2 3 4 5 6 7 8 9 10 11 12 13 14 15 | 23.90 133.00 123.70 47.74 38.02 27.17 36.23 137.60 22.90 121.20 23.80 41.50 28.50 21.85 21.85
68 | 1 2 3 4 5 6 7 8 9 10 11 12 13 14 15 | 24.34 135.09 127.70 31.10 166.80 132.96 19.45 33.87 25.70 39.80 28.32 20.22 20.22 29.75 31.73
69 | 1 2 3 4 5 6 7 8 9 10 11 12 15 16 17 18 19 20 21 22 | 21.40 35.03 21.40 145.10 122.50 135.60 120.50 25.70 44.85 46.25 16.95 184.10 37.50 18.35 38.25 34.50 14.30 51.00 22.50 27.57
70 | 1 2 3 4 5 6 7 8 9 10 11 12 13 14 15 16 17 19 20 21 | 21.40 34.96 21.40 144.98 133.77 139.14 147.29 29.75 24.80 38.79 19.62 36.24 18.60 34.15 48.40 24.30 205.85 41.50 26.43 26.60
71 | 1 2 3 4 5 6 7 8 9 10 11 12 13 14 15 | 106.30 152.50 35.50 26.30 45.10 26.40 18.35 18.35 45.29 123.70 133.00 23.90 30.80 25.00 42.80
72 | 1 2 3 4 5 6 7 8 9 10 11 12 15 16 17 18 19 20 21 22 | 20.50 125.70 19.60 139.14 133.77 151.80 28.21 24.70 56.65 44.53 29.22 182.83 38.92 20.37 38.95 39.89 14.07 50.62 26.94 25.70
73 | 1 2 3 4 5 6 7 8 9 10 | 112.38 149.55 33.10 21.60 33.76 32.80 19.90 19.90 42.55 76.26
74 | 1 2 3 4 5 6 7 8 10 11 | 23.61 37.94 23.61 40.88 31.11 117.90 147.76 65.99 43.33 31.60
75 | 1 2 3 4 5 6 7 8 9 10 11 12 13 14 15 16 17 18 19 20 | 24.00 33.50 24.00 145.70 123.80 124.20 147.20 134.70 126.85 30.10 18.85 43.70 37.30 25.30 38.40 18.60 36.23 38.17 17.93 72.00
76 | 1 2 3 4 6 7 8 9 10 11 12 13 14 15 16 | 111.81 145.10 73.10 27.90 42.20 22.40 124.20 135.20 15.90 39.50 26.50 124.03 130.53 17.45 25.32
77 | 1 2 3 4 5 6 7 8 10 11 | 23.30 37.60 23.30 30.60 31.20 147.70 151.40 191.10 38.10 33.00
78 | 1 2 3 4 6 7 8 9 10 11 12 13 14 15 16 | 111.70 145.22 73.10 27.83 42.20 22.40 124.20 135.20 16.97 35.60 26.50 124.03 130.53 17.45 25.32
79 | 1 2 3 4 5 6 7 8 9 10 11 12 13 14 15 | 111.45 146.74 39.45 22.20 42.23 28.02 46.48 150.29 109.09 21.38 33.76 56.24 147.20 112.83 23.84
80 | 1 2 3 4 6 7 8 9 10 11 | 23.90 159.10 126.80 200.00 51.60 25.90 19.55 19.55 23.20 30.50
81 | 1 2 3 4 5 6 7 8 10 11 | 19.90 32.80 19.90 34.10 33.75 34.58 80.59 26.02 26.30 17.72
82 | 1 2 3 4 5 6 7 8 9 10 | 109.09 151.65 29.16 33.75 33.76 32.80 19.90 19.90 21.60 33.10
83 | 1 2 3 4 5 6 7 8 9 10 11 12 13 14 15 16 17 18 19 20 | 16.10 135.30 122.30 26.65 133.10 134.95 17.26 127.27 138.00 52.50 31.80 20.60 20.60 28.10 36.60 134.40 16.13 129.10 26.23 39.28
84 | 1 2 3 4 5 6 7 8 9 10 11 12 13 14 15 | 19.70 134.50 127.10 121.80 144.50 29.54 23.55 23.55 137.23 139.35 27.70 31.10 29.00 22.40 35.10
85 | 1 2 3 4 5 6 7 8 9 10 | 18.55 131.43 23.80 124.30 25.30 36.70 29.86 21.04 40.25 60.65
86 | 1 2 3 4 5 6 7 8 9 10 11 12 13 14 15 16 17 18 19 20 | 21.40 35.03 21.40 145.10 123.05 135.70 121.70 24.40 50.50 33.10 27.30 27.30 42.70 19.20 39.50 35.20 13.90 51.30 23.00 27.57
87 | 1 2 3 5 6 7 8 9 10 11 12 13 16 17 18 19 20 21 22 23 | 28.55 72.50 28.55 143.80 122.30 134.40 121.90 26.90 44.85 46.25 16.95 184.10 37.50 18.35 38.25 34.30 14.30 50.50 22.40 25.60
88 | 1 2 3 4 5 6 7 8 9 10 11 12 13 14 15 | 17.45 131.66 25.32 124.15 26.48 35.22 137.03 19.59 126.10 29.60 120.90 134.10 23.40 31.60 26.80
89 | 1 2 3 4 5 6 7 8 9 10 11 12 13 14 16 17 18 19 20 21 | 109.83 150.38 37.02 21.90 36.43 20.73 51.63 136.20 121.70 24.59 49.63 48.40 24.30 205.85 34.15 19.20 38.65 35.00 13.91 46.30
90 | 1 2 3 4 5 6 7 8 9 10 11 12 15 16 17 18 19 20 21 22 | 110.16 149.00 37.45 25.92 129.35 136.39 28.21 24.70 56.65 44.53 29.22 182.83 38.92 20.37 38.95 39.89 14.07 50.70 20.73 34.46
91 | 1 2 3 4 5 6 7 8 9 10 11 12 13 14 15 | 110.18 143.42 29.75 26.94 32.40 150.50 106.87 32.60 25.40 48.20 28.20 21.12 21.12 36.53 31.44
92 | 1 2 3 4 5 6 7 8 9 10 11 12 13 14 15 16 17 18 19 20 | 109.83 150.38 37.02 21.90 36.43 20.73 51.63 135.65 121.67 24.28 50.27 33.11 27.30 27.30 42.70 18.94 39.24 35.85 15.19 46.35
93 | 1 2 3 4 5 6 7 8 9 10 11 12 13 14 15 | 18.55 131.93 23.80 124.37 26.10 37.39 39.40 21.60 151.80 126.50 129.20 136.30 21.01 129.20 126.50
94 | 1 2 3 4 5 6 7 8 9 10 11 12 13 14 15 | 23.00 133.40 119.50 31.17 38.82 135.96 21.90 121.20 27.49 42.23 28.32 20.22 20.22 39.17 28.98
95 | 1 2 3 4 5 6 7 8 9 10 11 12 13 14 15 | 110.18 143.42 29.75 26.94 38.82 150.50 106.87 32.60 25.40 48.20 28.20 21.12 21.12 39.17 28.98
96 | 1 2 3 4 5 6 7 8 9 10 11 12 13 14 15 18 19 20 21 22 | 23.29 37.64 23.29 133.56 121.30 29.60 47.84 151.80 133.77 28.21 24.70 56.65 44.53 29.22 182.83 38.92 20.37 38.95 39.89 14.07
97 | 1 2 3 4 5 6 7 8 9 10 | 20.44 46.71 20.44 44.80 31.10 19.55 19.55 31.10 27.00 10.70
98 | 1 2 3 4 5 6 7 8 9 10 11 12 13 14 16 17 18 19 20 21 | 109.83 150.38 37.02 21.90 36.43 20.50 52.00 135.30 121.50 23.50 43.70 37.60 17.70 72.00 35.70 18.50 39.60 35.00 15.90 46.30
99 | 1 2 3 4 5 6 7 8 9 10 11 12 13 14 15 16 17 19 20 21 22 23 24 25 26 27 28 29 30 | 12.30 23.00 46.05 26.40 34.00 36.30 18.80 56.10 28.30 24.30 56.86 32.15 31.98 121.43 140.84 42.32 71.51 31.64 37.32 36.50 18.19 50.37 21.16 39.91 42.30 15.17 28.95 19.20 19.20
100 | 1 2 3 4 5 6 7 8 9 10 11 12 13 14 15 17 18 19 20 21 | 24.00 33.40 24.00 145.40 123.70 124.20 147.20 134.70 126.80 30.10 19.10 44.60 38.34 19.88 70.56 35.58 18.60 38.40 37.30 25.30
101 | 1 2 3 4 5 6 7 8 9 10 | 114.94 142.33 132.20 136.70 42.30 31.40 19.45 19.45 26.94 23.69
102 | 1 2 3 4 5 6 7 8 9 | 14.30 135.70 136.84 16.07 44.62 26.60 25.30 44.62 50.40
103 | 1 2 3 4 5 6 7 8 9 10 11 12 14 15 16 17 18 19 20 21 | 21.40 35.03 21.40 145.10 122.50 135.50 120.90 23.80 43.60 37.50 17.70 72.00 35.70 18.20 38.90 34.60 14.20 50.80 22.70 27.57
104 | 1 2 3 4 5 6 7 8 9 10 | 20.08 46.86 20.08 45.30 31.10 19.55 19.55 31.10 27.00 10.70
105 | 1 2 3 4 5 6 7 8 9 10 11 12 13 14 15 16 17 18 19 20 | 24.00 33.50 24.00 145.70 123.80 124.10 146.60 134.70 126.85 30.10 21.60 44.70 39.60 24.00 38.10 18.60 37.55 47.50 16.25 185.50
106 | 1 2 3 4 5 6 7 8 9 10 | 108.75 150.00 21.01 41.23 30.82 120.78 133.55 22.96 30.81 28.06
107 | 1 2 3 5 6 7 8 9 10 11 12 13 14 15 16 17 18 19 20 21 22 23 24 25 26 27 28 29 30 31 | 6.80 58.20 213.10 41.50 22.30 59.50 37.40 17.90 35.60 30.50 39.70 18.60 42.80 35.30 28.20 33.40 33.40 32.80 39.20 30.00 32.10 36.00 32.40 38.30 20.20 53.10 18.20 41.30 42.10 14.60
108 | 1 2 3 4 5 6 7 8 9 10 11 12 13 14 15 16 17 18 19 21 22 23 24 25 26 27 28 29 | 19.00 31.50 19.00 39.10 15.40 31.40 33.00 35.35 19.20 56.10 28.30 24.30 56.86 32.15 31.98 121.43 140.84 42.32 71.51 31.64 37.32 36.50 18.19 50.37 21.16 39.91 42.30 15.17
109 | 1 2 3 4 5 6 7 8 9 10 11 12 13 14 15 16 17 18 19 21 22 23 24 25 26 27 28 29 | 19.00 31.50 19.00 39.10 15.40 31.40 33.00 35.35 19.20 56.10 28.30 24.30 56.90 32.30 32.00 121.30 141.20 42.40 71.30 31.60 37.50 36.50 19.40 50.50 21.20 40.00 42.30 12.00
110 | 1 2 3 4 5 6 7 8 9 10 | 22.20 131.50 119.60 116.50 140.90 34.00 20.60 20.60 24.80 28.50
111 | 1 2 3 4 5 6 7 8 9 10 11 12 13 14 15 18 19 20 21 22 | 24.00 33.40 24.00 145.40 123.70 124.10 146.60 134.70 126.80 30.10 21.60 44.70 47.50 16.25 185.35 37.55 18.60 38.10 39.60 24.00
112 | 1 2 3 4 5 6 7 8 9 10 11 12 13 14 15 16 17 18 19 21 22 23 24 25 26 27 28 29 30 31 32 | 105.70 157.00 31.30 36.10 35.00 19.30 52.30 26.50 35.10 48.80 19.27 48.00 26.65 21.10 47.10 40.50 19.81 19.81 78.83 30.37 32.00 26.05 29.90 20.00 26.26 32.87 45.30 18.11 33.80 21.89 21.89
113 | 1 2 3 4 5 6 7 8 9 | 16.23 144.24 144.24 16.23 49.56 28.85 28.85 49.56 50.40
114 | 1 2 3 4 5 6 7 8 9 10 11 12 13 14 15 | 23.70 135.90 123.70 39.80 38.02 27.17 36.23 135.96 21.90 121.20 23.80 41.50 28.50 21.85 21.85
115 | 1 2 3 4 5 6 7 8 9 10 | 17.45 130.53 25.32 124.33 26.63 37.65 138.00 17.53 125.00 58.50
116 | 1 2 3 4 5 6 7 8 9 10 11 12 13 14 15 16 17 18 19 20 | 109.93 150.50 37.07 21.93 36.40 20.85 51.45 136.00 121.75 23.40 50.27 33.11 27.65 27.65 42.39 18.94 39.24 35.35 16.20 46.10
117 | 1 2 3 4 6 7 8 9 10 11 | 111.81 145.30 73.34 27.85 42.25 22.85 124.55 131.52 19.14 24.17
118 | 1 2 3 4 5 6 7 8 9 10 11 12 13 14 15 | 106.30 152.50 32.60 25.85 44.45 26.95 18.60 18.60 40.86 123.70 133.00 23.90 30.80 25.00 42.80
119 | 1 2 3 4 6 7 8 9 10 11 | 111.79 145.22 73.34 27.83 42.25 22.85 124.55 131.52 17.75 25.77
120 | 1 2 3 4 5 6 7 8 9 10 11 12 13 14 15 | 17.45 131.66 25.32 124.15 26.48 35.22 137.03 19.45 126.10 29.60 120.90 134.10 23.40 31.60 26.80
121 | 1 2 3 4 5 7 8 9 10 11 | 23.30 133.70 118.70 34.50 71.70 36.90 16.95 16.95 31.10 27.20
122 | 1 2 3 4 5 6 7 8 9 10 11 12 13 14 15 | 103.00 157.10 44.19 28.14 28.14 50.57 47.87 33.69 26.85 26.85 39.70 19.30 34.66 40.05 22.05
123 | 1 2 3 4 5 6 7 8 9 10 11 12 13 14 15 | 17.45 131.66 25.32 124.15 26.48 35.22 137.03 19.45 126.10 29.60 120.90 134.10 23.40 31.60 26.80
124 | 1 2 3 4 5 6 7 8 9 10 11 12 13 14 15 | 17.73 131.93 25.82 124.37 26.15 37.39 39.40 21.60 151.80 126.50 129.20 136.30 21.01 129.20 126.50
125 | 1 2 3 4 5 6 7 8 9 10 11 12 13 14 15 17 18 19 20 21 | 24.00 33.40 24.00 145.40 123.70 124.20 147.20 134.70 126.80 29.94 26.43 41.50 48.40 24.30 205.85 34.15 18.60 38.45 38.24 23.61
126 | 1 2 3 4 5 6 7 8 9 10 11 12 15 16 17 18 19 20 21 22 | 110.16 149.00 37.45 25.92 129.35 136.39 28.21 24.70 56.65 44.53 29.22 182.83 38.92 20.37 38.95 39.89 14.07 50.70 20.73 34.46
127 | 1 2 3 4 5 6 7 8 10 11 | 19.90 32.80 19.90 34.10 35.74 34.58 80.59 26.02 26.30 22.05
128 | 1 2 3 4 5 6 7 8 9 10 11 12 13 14 15 | 102.69 160.28 45.77 28.14 28.14 50.57 47.87 33.69 26.85 26.85 39.70 19.30 34.66 40.05 22.05
129 | 1 2 3 4 5 6 7 8 9 10 11 12 13 14 15 | 110.70 150.29 22.15 42.14 23.43 40.68 35.20 20.44 28.90 23.75 121.33 135.34 22.59 49.10 37.35
130 | 1 2 3 4 5 6 7 8 9 10 11 12 13 14 15 | 106.30 152.50 32.60 25.85 44.45 26.95 18.60 18.60 40.86 123.70 133.00 23.90 30.80 25.00 42.80
131 | 1 2 3 4 5 6 7 8 9 10 11 12 13 14 15 | 109.50 147.90 27.15 23.73 36.11 34.90 22.60 36.11 26.43 42.20 32.10 19.25 19.25 126.60 143.85
132 | 1 2 3 4 5 6 7 8 9 10 11 12 13 14 15 16 17 18 19 20 | 24.00 33.40 24.00 145.40 123.70 124.20 147.20 134.70 126.80 29.65 18.90 49.84 33.43 27.38 27.38 41.46 18.86 38.45 38.24 23.61
133 | 1 2 3 4 5 6 7 8 9 10 11 12 13 14 15 | 23.60 131.50 119.90 31.55 41.45 135.96 21.90 121.20 28.19 36.10 29.71 18.98 18.98 38.90 31.44
134 | 1 2 3 4 5 6 7 8 9 10 | 17.45 130.53 25.32 124.33 26.63 37.65 138.00 17.53 125.00 58.50
135 | 1 2 3 4 5 6 7 8 9 10 11 12 13 14 15 16 17 20 21 22 | 21.40 35.03 21.40 145.10 122.50 135.60 120.50 25.70 44.85 34.50 14.30 38.25 18.35 37.50 46.25 16.95 184.10 51.00 22.50 27.57
136 | 1 2 3 4 5 6 7 8 10 11 | 23.17 132.90 120.70 25.90 44.50 71.90 26.90 26.90 23.60 30.90
137 | 1 2 3 4 5 6 7 8 9 10 11 12 13 14 15 | 23.90 133.00 123.70 47.74 38.02 27.17 36.23 135.96 21.90 121.20 23.80 41.50 28.50 21.85 21.85
138 | 1 2 3 4 5 6 7 8 9 10 11 12 13 14 15 | 21.20 133.70 127.60 125.20 141.37 138.94 125.25 43.30 33.30 20.45 20.45 19.10 27.10 32.45 21.66
139 | 1 2 3 4 5 6 7 8 9 10 11 12 13 14 15 | 109.50 147.90 27.15 22.79 38.24 36.93 23.45 38.10 26.94 42.20 32.10 19.25 19.25 126.60 148.81
140 | 1 2 3 4 5 6 7 8 10 11 | 20.94 136.00 128.70 124.30 146.30 72.20 31.70 31.70 124.30 128.70
141 | 1 2 3 4 5 6 7 8 9 10 11 12 13 14 15 | 109.09 150.29 21.54 42.14 23.43 41.10 35.80 22.35 28.90 22.57 121.33 135.22 22.42 47.84 25.99
142 | 1 2 3 4 5 6 7 8 9 11 | 20.30 46.30 20.30 45.00 27.20 33.90 48.90 11.30 79.90 40.30
143 | 1 2 3 4 5 6 7 8 9 10 11 12 13 14 15 | 26.85 33.69 26.85 39.70 21.80 34.66 44.02 19.76 56.20 33.37 19.55 28.03 63.30 34.10 21.79
144 | 1 2 3 5 7 8 9 10 11 12 13 14 15 16 17 18 19 20 21 24 25 26 27 28 | 26.74 50.69 26.74 71.14 23.29 37.64 23.29 133.56 121.30 29.60 49.10 143.90 133.77 28.21 25.97 56.65 44.53 29.22 182.83 38.92 20.37 39.10 39.60 14.40
145 | 1 2 5 6 7 8 9 10 11 12 13 14 15 16 17 18 19 20 21 22 23 26 28 29 31 33 35 38 | 21.40 170.20 88.20 38.06 30.70 138.65 25.68 122.15 39.77 55.20 33.60 25.50 49.30 84.80 28.10 144.50 122.50 140.18 122.70 12.50 166.56 95.30 78.19 62.90 70.89 80.30 72.62 173.80
146 | 1 2 3 4 5 6 7 8 9 10 11 12 13 14 15 16 17 18 19 20 21 22 23 24 25 26 27 28 29 30 | 17.45 130.53 25.32 124.03 26.50 39.20 134.20 15.83 124.89 26.95 40.50 134.90 16.10 124.90 28.80 28.80 124.90 134.90 16.10 40.50 26.95 124.89 134.20 15.83 39.20 26.50 124.03 130.53 17.45 25.32
147 | 1 3 4 5 6 7 8 9 11 12 13 14 15 18 19 20 21 22 23 24 25 | 51.91 75.60 34.20 17.85 17.85 124.77 136.64 196.74 37.30 49.63 46.90 16.50 184.72 37.40 18.23 38.95 39.89 14.07 49.55 26.94 33.77
148 | 1 3 5 6 7 8 9 10 11 12 13 14 15 16 17 18 19 20 21 22 26 27 28 29 30 31 32 33 34 35 36 | 51.66 174.59 28.69 25.70 27.00 31.40 21.80 26.31 33.80 47.50 18.50 55.55 25.30 20.70 36.40 107.74 39.21 35.60 16.40 176.80 74.30 44.32 44.02 17.85 54.27 21.90 28.60 48.90 75.20 29.45 29.45
149 | 1 2 3 5 6 7 8 9 10 11 12 13 14 15 16 18 19 20 21 22 | 31.60 72.30 31.60 146.20 122.00 124.00 147.20 134.50 124.90 30.00 19.10 44.60 38.34 19.88 70.56 35.58 18.60 38.40 37.30 25.30
150 | 1 2 3 4 7 8 9 10 11 12 13 14 15 16 17 18 19 21 22 23 24 25 26 27 28 29 | 17.02 33.00 37.30 181.20 54.00 15.30 44.70 129.74 155.99 135.80 126.67 24.28 46.54 38.52 23.91 23.91 77.58 27.19 36.49 39.00 15.20 47.84 19.27 32.50 50.16 23.80
151 | 1 2 3 4 5 6 7 8 9 10 12 13 14 15 16 17 18 19 20 21 | 23.88 33.48 23.88 146.48 123.90 123.90 141.61 123.30 123.90 197.40 35.87 49.63 38.58 23.92 38.56 18.60 36.23 38.17 17.93 72.00
152 | 1 3 5 6 7 8 9 10 11 12 13 14 15 17 18 19 20 21 22 23 24 | 51.88 177.90 46.77 28.55 36.80 18.54 29.76 44.01 20.57 54.78 40.21 55.17 209.19 53.80 79.30 35.60 17.80 17.80 33.36 29.15 96.70
153 | 1 2 3 4 5 6 7 8 9 10 12 13 14 15 16 18 19 20 21 22 | 23.88 33.48 23.88 146.48 123.70 126.83 146.09 137.45 128.56 64.59 35.79 48.77 38.34 19.88 70.56 35.58 18.60 38.45 38.24 23.61
154 | 1 2 5 6 7 8 9 10 12 13 14 15 16 17 18 19 20 21 22 23 24 28 | 21.40 170.20 88.20 33.40 128.23 138.18 14.29 74.46 38.15 55.20 33.60 25.50 49.30 84.80 28.10 144.50 122.50 137.30 129.30 12.80 169.80 173.80
155 | 1 2 3 4 5 6 7 8 9 10 11 12 13 14 16 17 18 20 21 22 23 24 25 26 27 28 29 30 31 | 12.30 23.00 46.05 26.40 34.00 36.30 18.80 56.10 29.10 24.95 56.60 39.40 47.40 212.50 54.00 43.23 209.60 38.11 36.80 37.43 14.94 48.38 21.75 39.70 42.40 12.00 28.95 19.20 19.20
156 | 1 2 3 4 5 6 7 8 9 10 11 12 13 14 15 16 17 20 21 22 | 21.58 30.32 21.58 154.29 124.77 76.73 33.77 20.48 56.04 40.30 12.80 39.00 18.23 38.54 44.24 29.22 182.37 52.56 39.60 84.60
157 | 1 2 3 4 5 6 7 8 9 10 11 12 13 14 16 17 18 20 21 22 23 24 25 26 27 28 29 30 31 | 12.30 23.00 46.05 26.40 34.00 36.30 18.80 56.10 28.93 24.79 56.93 39.40 47.40 212.58 55.92 43.37 210.59 39.30 38.20 40.01 15.23 50.86 21.64 41.13 42.36 15.17 28.95 19.20 19.20
158 | 1 2 3 4 5 6 7 8 9 10 11 12 13 14 15 16 17 18 19 20 | 114.23 141.75 21.89 126.94 126.64 123.90 146.90 132.73 128.46 29.94 21.60 44.70 39.60 24.00 38.10 18.60 37.55 47.50 16.25 185.50
159 | 1 2 3 4 5 6 7 8 9 10 11 12 13 14 15 | 23.04 143.91 116.10 30.08 36.96 44.34 54.28 39.41 19.27 36.26 21.80 44.78 33.23 19.82 19.82
160 | 1 2 3 4 5 6 7 8 9 10 11 12 13 14 15 16 17 18 19 21 22 23 24 25 26 27 28 29 30 31 32 | 105.70 157.00 31.30 36.10 35.00 19.30 52.30 26.50 35.10 48.80 19.27 48.00 26.65 21.10 47.10 40.50 19.81 19.81 78.83 30.37 32.00 26.05 29.90 20.00 26.26 32.87 45.30 18.11 33.80 21.89 21.89
161 | 1 2 3 4 5 6 7 8 9 10 11 12 13 14 15 | 111.37 148.81 37.81 18.46 33.44 29.75 143.90 35.13 21.98 21.98 127.83 54.32 147.42 110.55 20.65
162 | 1 2 3 4 5 6 7 8 9 10 11 12 13 14 15 16 17 18 19 20 21 23 24 25 26 27 28 29 30 31 | 17.07 39.28 39.30 21.41 30.90 40.90 34.00 28.90 27.16 27.20 41.63 23.29 137.79 125.29 22.99 47.29 36.56 15.24 38.52 27.20 78.84 38.55 21.90 21.90 55.05 17.98 32.69 39.19 16.59 58.12
163 | 1 2 3 4 5 6 7 8 9 10 11 12 13 14 15 16 17 18 19 21 23 24 26 27 28 29 30 31 32 36 | 16.40 35.60 33.90 106.87 32.78 25.30 20.70 45.75 74.30 44.32 41.00 20.17 52.86 23.11 31.97 59.80 81.30 26.75 26.75 169.60 38.82 83.83 79.18 33.70 29.20 47.50 18.50 38.48 82.90 176.80
164 | 1 2 3 5 6 7 8 9 10 11 13 14 15 16 17 19 20 21 22 23 | 31.80 71.50 31.80 147.95 122.00 126.83 146.09 137.45 128.56 64.59 35.79 48.77 38.34 19.88 70.56 35.58 18.60 38.45 38.24 23.61
165 | 1 2 3 4 5 6 7 8 9 11 12 13 14 15 16 17 18 19 20 24 | 25.68 138.65 122.15 39.77 55.20 33.60 25.50 51.64 83.48 38.06 30.70 84.80 28.10 144.50 122.50 137.30 129.30 12.80 169.80 173.80
166 | 1 2 3 4 5 6 7 8 9 10 11 12 14 15 16 17 18 19 20 21 | 20.50 125.70 19.60 139.14 133.77 151.80 29.38 22.10 57.10 39.60 27.10 64.90 35.40 19.00 38.95 39.89 14.07 50.62 26.94 25.70
167 | 1 2 3 4 5 6 7 8 9 10 11 12 13 14 15 16 17 18 19 21 22 23 24 26 27 28 31 32 33 36 | 16.40 35.60 39.21 106.87 36.40 25.30 20.70 55.55 74.30 42.55 45.20 24.10 35.30 23.00 32.00 46.61 131.14 142.75 105.57 33.59 28.40 44.02 17.90 158.48 95.97 166.42 81.93 24.67 24.67 176.80
168 | 1 2 3 4 5 6 7 8 9 10 11 12 13 14 15 16 17 18 19 21 22 24 27 28 29 30 31 32 33 37 | 16.40 35.60 33.90 106.87 32.78 25.30 20.70 45.75 74.30 44.32 41.00 20.17 50.57 24.55 31.97 59.80 81.93 24.67 24.67 75.47 208.75 75.91 78.51 44.34 41.00 20.17 45.26 37.73 81.93 176.80
169 | 1 2 3 5 6 7 8 9 10 11 13 14 15 16 17 18 19 20 21 | 31.80 71.50 31.80 147.95 122.00 123.90 141.61 123.30 128.46 197.87 43.37 52.56 38.58 23.92 38.56 27.22 39.95 74.02 23.98
170 | 1 2 3 6 7 8 9 10 11 12 13 14 16 17 18 20 21 22 24 25 | 16.30 46.30 183.98 37.94 20.37 39.10 39.60 14.40 48.90 26.43 33.70 75.90 74.10 24.55 24.55 133.15 154.29 69.34 29.30 41.00
171 | 1 2 3 5 6 7 8 9 10 11 12 13 15 16 17 19 20 | 19.88 38.34 70.56 35.58 19.00 39.10 39.60 14.40 48.90 26.43 37.60 198.96 128.23 154.29 72.90 35.79 50.98
172 | 1 2 3 4 5 6 7 8 10 11 12 13 14 15 16 17 18 19 20 21 22 24 25 26 27 28 29 30 31 32 | 109.90 150.85 19.20 48.05 30.10 34.40 48.20 60.05 29.60 27.17 42.70 14.80 37.55 25.20 20.90 50.50 36.89 15.87 38.65 27.32 78.84 38.88 21.90 21.90 55.25 18.06 34.40 41.00 16.13 48.90
173 | 1 2 3 4 5 6 7 8 9 11 12 13 14 15 16 17 18 19 20 23 25 26 28 30 32 35 | 25.68 138.65 122.15 39.77 55.20 33.60 25.50 49.30 83.48 38.06 30.70 84.80 28.10 144.50 122.50 140.18 122.70 12.50 166.56 94.92 78.74 62.47 71.06 76.30 72.62 173.80
174 | 1 2 3 4 5 6 7 8 12 13 14 15 16 17 18 19 20 21 22 24 26 27 30 31 32 33 34 35 36 37 | 20.70 25.30 36.40 107.74 39.21 35.60 16.40 176.80 74.30 44.32 44.02 17.85 52.86 23.11 31.97 59.80 81.30 26.75 26.75 169.60 35.40 74.59 77.38 32.70 29.20 47.50 18.50 55.55 38.48 82.90
175 | 1 2 3 4 5 6 7 8 12 13 14 15 16 17 18 19 20 21 22 24 26 27 28 29 30 31 32 33 34 35 | 20.70 25.30 36.40 107.74 39.21 35.60 16.40 176.80 74.30 44.32 44.02 17.85 54.27 21.90 28.60 52.86 84.41 28.23 28.23 172.37 29.01 25.70 27.00 31.40 21.80 26.31 33.80 47.50 18.50 55.55
176 | 1 2 3 4 5 6 7 8 9 10 11 12 13 14 15 16 17 18 19 21 22 23 24 25 26 27 28 29 30 31 32 | 105.70 157.00 31.30 36.10 35.00 19.30 52.30 26.50 35.10 48.80 19.27 47.90 26.79 21.53 48.36 50.20 21.49 21.49 215.76 37.46 33.38 26.00 29.58 21.07 26.43 32.87 45.30 18.11 33.80 21.89 21.89
177 | 1 2 3 4 5 6 7 8 9 10 11 12 13 14 15 16 17 18 19 20 21 22 23 26 27 28 31 32 33 36 | 16.40 35.60 33.90 106.87 32.78 25.30 20.70 45.75 74.30 44.32 41.00 20.17 52.86 23.11 31.97 46.97 45.26 37.73 84.30 33.70 29.20 47.50 18.50 78.51 38.82 169.60 81.93 24.67 24.67 176.80
178 | 1 2 3 4 5 6 7 8 9 10 11 12 13 14 15 | 25.96 41.83 25.96 139.27 126.67 23.75 36.20 43.00 25.70 25.70 49.22 33.75 27.80 46.71 42.23
179 | 1 2 3 4 5 6 7 8 9 10 11 12 13 14 15 16 17 19 20 21 22 23 24 25 26 27 28 29 30 | 12.30 23.00 46.05 26.40 34.00 36.30 18.80 56.10 28.93 25.04 57.54 36.56 29.86 28.69 46.58 44.61 211.49 38.11 38.44 35.73 11.53 53.54 21.64 41.09 43.70 12.39 28.95 19.20 19.20
180 | 1 2 5 6 7 8 9 10 12 13 14 15 16 17 18 19 20 21 22 23 24 28 | 21.40 170.20 91.74 33.40 128.23 138.18 14.29 73.22 42.55 41.20 33.60 25.50 49.30 84.80 28.10 144.50 122.50 137.30 129.30 12.80 169.80 170.87
181 | 1 2 3 4 5 6 7 8 9 10 | 98.96 166.44 46.88 28.85 23.78 48.04 37.41 41.83 27.62 27.62
182 | 1 2 3 5 7 8 9 11 12 13 14 15 16 17 18 19 20 22 23 24 | 24.55 74.10 24.55 75.24 124.77 154.29 72.90 34.70 49.63 39.89 14.07 38.95 19.00 36.23 38.17 17.93 72.00 48.90 26.94 33.77
183 | 1 2 3 4 5 6 7 8 9 11 | 20.30 46.30 20.30 45.00 27.20 33.90 48.90 11.30 79.90 40.30
184 | 1 2 5 6 7 8 9 10 12 13 14 15 16 17 18 19 20 21 22 23 24 28 | 21.40 170.20 88.20 33.40 130.30 141.30 20.50 201.10 44.10 55.20 33.60 25.50 49.30 84.80 28.10 144.50 122.50 137.30 129.30 12.80 169.80 173.80
185 | 1 2 3 4 5 6 7 8 9 10 11 12 13 14 15 | 17.45 131.97 25.32 124.90 26.00 39.20 134.20 15.70 123.07 25.60 39.80 137.10 17.53 125.00 58.50
186 | 1 2 3 4 6 7 8 9 10 11 12 13 14 15 16 18 19 20 21 22 | 111.16 145.40 73.30 27.90 41.00 20.00 58.50 149.20 109.40 38.50 24.40 57.10 39.60 27.10 64.90 35.40 19.00 39.00 38.90 15.30
187 | 1 2 3 4 6 7 8 9 10 11 12 14 15 17 18 19 20 21 22 23 24 25 | 118.15 134.40 41.70 71.75 34.30 26.20 56.54 147.28 109.09 40.50 72.31 170.23 21.11 61.10 33.23 27.39 27.39 41.20 19.30 39.24 37.43 14.94
188 | 1 2 3 4 5 6 7 8 9 10 11 12 13 14 15 17 18 19 20 21 | 113.80 136.36 131.49 17.30 134.67 23.52 62.26 38.40 15.22 40.18 18.64 35.40 39.60 27.10 68.45 51.34 21.50 44.07 74.30 24.47
189 | 1 3 5 6 7 8 9 10 11 12 13 14 16 17 18 19 20 21 22 23 24 | 51.88 177.90 46.77 28.55 36.80 19.20 31.20 39.79 18.70 49.63 37.30 196.74 139.40 131.15 75.24 33.43 18.20 18.20 33.77 32.70 76.73
190 | 1 2 3 4 5 6 7 8 9 10 11 12 13 14 15 16 17 18 19 20 22 24 25 26 | 24.00 33.50 24.00 145.55 123.80 124.20 147.20 134.70 126.85 30.10 19.10 44.60 37.30 25.30 38.40 18.60 35.90 36.80 22.23 68.50 172.86 28.61 28.74 177.90
191 | 1 3 5 6 7 8 9 10 11 12 13 14 15 17 18 19 20 21 22 23 24 | 51.97 177.90 45.77 20.60 36.75 18.54 32.63 47.76 15.87 48.76 43.72 55.17 209.75 49.49 85.00 35.60 17.80 17.80 35.59 29.20 93.80
192 | 1 3 5 6 7 8 9 10 11 12 14 15 16 17 18 19 20 24 | 52.29 166.74 129.10 138.40 39.77 55.20 35.74 28.14 45.98 83.48 38.06 26.09 90.50 24.70 39.14 32.78 177.82 173.80
193 | 1 2 4 5 6 7 8 9 10 11 12 13 14 15 16 | 29.90 210.75 47.54 28.14 28.14 46.97 45.90 41.90 33.00 21.00 21.00 26.94 44.08 73.29 26.02
194 | 1 2 3 4 5 6 7 9 10 11 | 9.39 57.41 30.04 27.16 43.11 43.17 217.67 46.67 19.40 19.40
195 | 1 2 3 4 5 6 7 8 9 10 12 13 14 15 16 19 20 21 22 23 | 23.88 33.48 23.88 146.48 123.70 126.83 146.09 123.30 123.90 197.40 43.23 41.50 46.30 16.30 183.98 37.94 18.60 38.45 38.24 23.61
196 | 1 2 3 4 5 6 7 8 9 10 11 12 13 14 15 16 17 19 20 21 22 23 24 25 26 27 28 29 30 | 12.30 23.00 46.05 26.40 34.00 36.30 18.80 56.10 28.93 25.04 57.54 36.56 29.86 28.69 46.58 44.61 211.49 38.11 38.44 35.73 11.53 53.54 21.64 41.09 43.70 12.39 28.95 19.20 19.20
197 | 1 2 3 4 5 6 7 8 9 10 12 13 14 15 16 17 18 19 20 21 | 23.88 33.48 23.88 146.48 123.90 123.90 141.61 136.62 128.56 64.05 33.20 48.29 38.58 23.92 38.56 18.60 37.40 46.90 16.50 184.72
198 | 1 2 3 4 5 6 7 8 9 10 11 12 13 14 15 16 17 18 19 21 23 24 27 28 29 30 31 32 33 37 | 16.40 35.60 39.21 107.74 35.10 25.30 20.70 55.55 74.30 44.32 43.65 19.76 52.86 23.11 28.35 59.80 81.30 26.75 26.75 169.60 35.40 74.59 77.38 32.70 29.20 47.50 18.50 38.48 82.90 176.80
199 | 1 2 3 4 5 6 7 8 9 10 11 12 13 14 15 16 17 18 19 21 22 23 24 26 27 28 31 32 33 36 | 16.40 35.60 39.21 107.74 35.10 25.30 20.70 55.55 74.30 46.30 45.20 24.55 28.40 23.00 29.20 46.61 131.14 142.75 106.30 33.59 28.40 44.02 17.22 158.48 95.97 166.42 81.93 25.65 25.65 176.80
200 | 1 2 3 4 5 6 7 8 9 10 11 12 13 14 15 18 19 20 21 22 | 114.23 141.75 21.89 126.94 126.64 126.83 147.20 131.10 128.46 29.94 21.60 44.70 47.50 16.25 185.35 37.55 18.60 38.10 39.60 24.00
201 | 1 2 3 4 5 6 7 8 9 10 11 12 13 14 15 18 19 20 22 23 | 17.55 34.40 17.55 59.00 33.77 18.45 48.67 38.16 15.20 38.53 18.23 37.40 46.90 28.80 183.98 41.00 23.50 61.71 62.81 56.22
202 | 1 2 3 4 5 6 7 8 9 10 11 12 13 14 15 16 17 18 19 21 22 24 25 26 27 28 29 30 34 | 16.40 35.60 33.90 106.87 32.78 25.30 20.70 45.75 74.30 44.32 41.00 20.17 52.86 23.11 31.97 59.80 85.54 24.67 24.67 106.47 21.13 79.18 33.70 29.20 47.50 18.50 38.48 101.53 176.80
203 | 1 2 3 4 5 6 7 8 9 10 11 12 13 14 15 16 17 18 19 20 21 22 23 25 26 27 30 31 32 35 | 16.40 35.60 33.90 106.87 32.78 25.30 20.70 45.75 74.30 39.83 45.20 24.10 35.30 23.00 32.00 46.61 131.14 147.50 74.25 30.40 35.30 44.02 20.17 158.48 95.97 166.42 81.93 24.67 24.67 176.80
204 | 1 2 3 5 6 7 8 9 10 11 12 13 14 15 16 17 18 19 20 21 | 31.60 72.30 31.60 146.20 122.00 124.00 146.90 134.50 124.90 29.94 21.60 44.70 39.60 24.00 38.10 18.60 37.55 47.50 16.25 185.50
205 | 1 2 5 6 7 8 9 10 11 12 13 14 15 16 17 18 19 20 21 22 23 27 | 21.40 170.20 88.20 33.40 128.23 134.95 17.26 131.34 151.95 55.90 35.74 25.50 49.30 84.80 28.10 144.50 122.50 137.30 129.30 12.80 169.80 174.03
206 | 1 2 3 4 5 6 7 8 9 10 11 12 14 15 16 | 23.90 135.10 122.40 39.80 46.50 26.00 18.30 18.30 19.30 43.50 73.29 26.02 49.90 23.96 30.29
207 | 1 3 5 6 7 8 9 10 11 12 13 14 15 16 17 18 19 20 21 22 23 | 51.97 178.50 46.00 16.80 37.00 18.00 38.25 34.40 14.30 51.00 22.50 27.57 145.10 35.03 21.40 21.40 122.50 135.60 120.50 26.27 44.48
208 | 1 2 3 4 5 6 7 8 9 10 11 12 13 14 15 | 24.50 139.80 119.00 38.30 40.70 40.00 54.00 47.50 26.30 26.30 58.50 24.20 35.50 54.00 15.60
209 | 1 2 3 5 6 7 8 9 10 11 12 13 14 15 17 18 19 20 21 | 31.60 72.30 31.60 146.20 122.00 124.00 147.20 134.50 124.90 28.19 26.43 53.40 74.50 24.05 39.95 18.90 38.51 37.99 23.69
210 | 1 2 3 4 5 6 7 8 9 10 11 12 13 14 15 16 17 18 19 21 22 23 24 25 26 27 28 29 | 19.00 31.50 19.00 39.10 15.40 31.40 33.00 35.35 19.20 56.10 28.30 24.30 56.86 32.15 31.98 121.43 140.84 42.32 71.51 31.64 37.32 36.50 18.19 50.37 21.16 39.91 42.30 15.17
211 | 1 2 3 4 5 6 7 8 9 10 11 12 13 14 15 | 102.69 160.28 45.77 28.14 28.14 56.20 47.87 33.69 26.85 26.85 39.70 19.30 34.66 40.05 22.05
212 | 1 2 3 4 6 7 8 9 10 11 12 13 14 15 16 17 18 19 20 21 22 24 25 26 27 28 29 30 31 32 | 18.16 40.75 18.16 213.88 38.24 30.56 36.19 18.86 52.30 27.72 35.10 48.80 19.27 47.90 26.79 21.53 48.36 50.20 21.49 21.49 215.76 37.46 33.38 26.00 29.58 21.07 26.43 32.87 45.28 18.11
213 | 1 2 3 4 5 6 7 8 9 10 11 12 14 15 16 | 23.90 135.10 122.40 39.80 46.50 26.00 18.30 18.30 19.30 43.50 73.29 26.02 46.97 23.96 30.29
214 | 1 3 5 6 7 8 9 10 11 13 14 15 16 17 18 19 20 21 22 23 24 | 51.97 177.90 45.90 20.56 35.95 18.90 35.70 83.69 23.81 155.21 112.05 126.33 146.48 33.48 23.88 23.88 130.60 123.95 33.09 31.97 52.86
215 | 1 2 5 6 7 8 9 10 11 12 13 14 15 16 17 18 19 20 21 22 23 27 | 21.40 170.20 88.20 33.40 128.23 134.95 17.26 131.34 151.95 55.90 35.74 25.50 49.30 84.80 28.10 144.50 122.50 137.30 129.30 12.80 169.80 174.03
216 | 1 2 3 4 5 6 7 8 9 10 11 12 13 14 15 16 17 18 19 21 23 24 25 26 27 28 29 30 31 36 | 16.40 35.60 39.21 107.74 35.10 25.30 20.70 55.55 74.30 44.32 43.65 19.76 52.86 23.11 28.35 51.64 81.30 26.75 26.75 165.40 127.60 136.05 84.71 31.40 77.45 32.70 29.20 47.50 18.50 176.80
217 | 1 2 3 4 6 7 8 9 10 11 12 13 14 15 16 18 19 20 21 22 | 111.16 145.40 73.30 27.90 41.00 20.00 58.50 149.20 109.40 38.83 25.97 56.50 48.40 24.30 205.85 34.15 18.73 39.10 39.60 14.40
218 | 1 2 3 4 5 6 7 8 9 10 11 12 13 14 15 16 17 18 19 21 23 24 27 28 29 30 31 32 33 37 | 16.40 35.60 33.90 106.87 32.78 25.30 20.70 45.75 74.30 44.32 41.00 20.17 52.86 23.11 31.97 59.80 81.30 26.75 26.75 169.60 38.82 77.01 84.30 33.70 29.20 47.50 18.50 38.48 82.90 176.80
219 | 1 2 3 4 5 6 7 8 9 10 11 12 14 15 16 | 23.90 135.10 122.40 39.80 46.50 26.00 18.30 18.30 19.30 44.10 72.50 23.53 45.34 27.90 31.10
220 | 1 3 5 6 7 8 9 10 11 12 13 14 15 16 20 22 24 25 27 28 | 52.29 166.74 129.10 138.40 36.25 55.20 33.75 27.80 46.84 90.50 24.70 39.83 32.78 177.82 173.80 91.74 170.20 21.40 39.75 26.09
221 | 1 3 5 6 7 8 10 11 13 14 15 16 17 18 20 23 24 25 26 27 28 29 30 33 35 36 38 40 42 | 52.30 169.40 132.41 128.23 33.40 88.20 170.20 21.40 49.30 25.50 33.60 55.20 38.15 67.08 173.80 84.80 28.10 144.50 122.50 140.18 122.70 12.50 166.56 95.30 78.19 62.90 70.89 80.30 72.62
222 | 1 2 3 4 7 8 9 10 11 12 13 14 15 16 17 18 19 21 22 23 24 25 26 27 28 29 | 15.99 35.85 37.30 181.20 44.02 20.17 44.70 129.74 155.52 130.67 126.67 23.40 46.54 38.52 23.91 23.91 77.58 26.10 37.63 37.43 14.94 59.20 21.75 32.50 45.00 22.10
223 | 1 2 3 4 5 6 7 8 9 10 12 13 14 15 16 18 19 20 21 22 | 23.88 33.48 23.88 146.48 123.70 126.83 146.09 123.30 123.90 197.40 35.84 48.77 38.34 19.88 70.56 35.58 18.60 38.45 38.24 23.61
224 | 1 2 3 4 5 6 7 8 9 10 11 12 13 14 15 | 114.12 135.53 40.40 127.70 141.00 37.40 27.10 27.10 42.00 125.00 134.97 16.02 38.15 25.70 36.00
225 | 1 2 3 4 6 7 8 9 10 12 13 14 15 16 17 20 21 22 23 24 | 18.16 40.75 18.16 213.88 38.24 24.60 47.84 141.40 193.20 126.67 24.59 44.85 46.25 16.95 184.10 37.50 18.35 38.65 35.00 14.23
226 | 1 3 5 6 7 8 9 10 11 13 14 15 16 17 18 19 20 21 22 23 24 | 52.00 178.77 45.99 22.93 37.50 24.84 35.70 83.69 23.38 155.21 112.05 126.33 146.48 33.48 23.88 23.88 130.60 123.95 33.09 28.35 52.86
227 | 1 3 5 6 7 8 9 10 11 12 13 14 15 16 17 18 19 23 25 27 28 | 52.29 166.74 129.10 138.40 36.25 55.20 33.60 25.50 51.64 84.80 28.10 144.50 122.50 137.30 129.30 12.80 169.80 173.80 83.48 39.75 26.09
228 | 1 2 3 4 6 7 8 9 10 11 12 14 15 16 17 18 19 20 21 22 | 118.15 134.40 41.25 71.80 34.86 26.20 56.54 148.39 108.76 37.24 68.91 61.40 33.23 27.39 27.39 41.20 18.92 39.34 37.22 15.54
229 | 1 2 3 4 5 6 7 8 9 10 11 12 13 14 15 16 17 19 20 21 22 23 24 25 26 27 28 29 30 | 12.30 23.00 46.05 26.40 34.00 36.30 18.80 56.10 28.93 25.04 57.54 36.56 29.86 28.69 46.58 44.61 211.49 38.11 38.44 35.73 11.53 53.54 21.64 41.09 43.70 12.39 28.95 19.20 19.20
230 | 1 2 4 5 6 7 8 9 10 11 12 13 14 15 16 | 29.90 210.75 52.60 27.80 27.80 52.80 43.55 41.90 33.00 21.00 21.00 26.43 44.08 72.50 23.53
231 | 1 2 3 4 5 6 7 8 9 10 11 12 13 14 15 16 17 18 19 20 22 23 24 25 26 27 28 29 30 31 | 28.50 31.10 28.50 34.70 37.10 32.50 28.40 26.90 25.84 41.90 25.90 145.10 121.70 23.99 47.49 36.56 15.24 38.52 27.20 78.84 38.55 21.90 21.90 55.05 17.98 32.72 39.67 16.87 47.30 46.70
232 | 1 2 3 4 5 6 7 8 9 10 11 12 13 14 15 | 111.23 148.37 39.70 24.35 33.44 22.70 143.90 35.13 21.98 21.98 124.47 59.23 147.19 111.40 22.00
233 | 1 2 3 5 7 8 9 11 12 13 14 15 16 17 18 19 20 22 23 24 | 24.55 74.10 24.55 75.24 124.77 136.64 199.50 43.37 49.63 39.89 14.07 38.95 19.00 36.23 38.17 17.93 72.00 49.55 26.94 33.77
234 | 1 2 5 6 7 8 9 10 11 12 13 14 15 16 17 18 19 20 21 22 23 27 | 21.40 170.20 91.74 32.77 30.70 138.65 25.68 122.15 39.77 55.20 33.60 25.50 49.30 84.80 28.10 144.50 122.50 137.30 129.30 12.80 169.80 173.80
235 | 1 2 3 4 5 6 7 8 9 10 | 21.85 148.52 126.67 28.19 36.16 31.45 19.38 19.38 131.74 132.20
236 | 1 2 3 5 6 7 8 9 10 11 12 13 14 15 16 19 20 21 22 23 | 22.50 38.50 68.45 35.40 18.10 38.64 37.40 15.55 51.34 19.82 35.15 46.10 136.80 130.45 170.44 36.20 32.15 19.64 49.63 31.82
237 | 1 2 3 5 6 7 8 9 10 11 13 14 15 16 18 19 20 21 22 | 31.80 71.50 31.80 147.95 122.00 126.83 146.09 123.30 128.46 198.05 43.23 53.40 74.50 24.05 39.95 18.90 38.51 37.99 23.69
238 | 1 2 3 4 5 6 7 8 9 10 11 12 13 14 15 17 18 20 21 22 23 24 | 113.80 136.36 131.49 17.30 134.67 23.52 62.26 40.30 12.80 39.00 18.64 35.90 36.80 17.80 73.30 171.30 21.00 51.34 21.50 44.07 74.30 24.40
239 | 1 2 3 4 5 6 7 8 9 10 | 105.86 152.34 23.55 23.55 40.37 26.93 51.72 40.63 23.95 23.95
240 | 1 2 3 4 5 6 7 8 9 10 11 12 13 14 15 17 18 19 20 21 | 113.80 136.36 131.49 17.30 134.67 23.52 62.26 38.40 15.22 40.18 19.20 34.15 48.40 24.30 205.85 56.50 21.50 43.00 74.30 24.47
241 | 1 3 5 6 7 8 9 10 11 12 13 14 15 16 17 18 19 22 23 25 28 30 32 33 | 52.29 166.74 129.10 138.40 36.25 55.20 33.60 25.50 51.64 84.80 28.10 144.50 122.50 140.18 122.70 12.50 168.05 65.88 72.42 63.30 173.80 83.48 39.75 26.09
242 | 1 2 3 4 5 6 7 8 9 10 11 12 13 14 15 16 17 19 20 21 22 23 24 25 26 27 28 29 30 | 12.30 23.00 46.05 26.40 34.00 36.30 18.80 56.10 29.10 25.41 57.54 36.38 29.86 28.75 46.58 44.61 211.49 38.11 38.44 35.76 11.53 53.79 21.75 41.09 43.70 12.39 28.95 19.20 19.20
243 | 1 2 3 4 5 6 7 8 9 10 12 13 14 15 17 18 19 20 21 | 23.88 33.48 23.88 146.48 123.70 126.83 146.09 137.45 128.56 64.59 35.79 53.40 74.50 24.05 39.95 18.90 38.51 37.99 23.69
244 | 1 2 3 4 5 6 7 8 9 10 | 23.60 131.50 119.60 21.50 17.60 19.40 25.50 17.20 21.25 21.25
245 | 1 2 3 4 6 7 8 10 11 12 13 14 17 18 19 20 21 22 23 24 | 17.57 35.98 17.57 82.73 124.77 136.64 196.74 37.30 49.63 46.90 16.50 184.72 37.40 18.23 38.95 39.89 14.07 49.55 26.94 33.77
246 | 1 2 5 6 7 8 9 10 12 13 14 15 16 17 18 19 20 21 22 23 24 28 | 21.40 170.20 88.20 33.40 130.30 141.30 20.50 201.10 44.10 55.20 33.60 25.50 49.30 84.80 28.10 144.50 122.50 137.30 129.30 12.80 169.80 173.80
247 | 1 2 3 5 6 7 8 9 10 12 13 14 15 16 17 18 19 22 23 24 | 31.23 72.11 31.23 123.05 128.56 131.10 150.03 113.00 158.95 39.30 22.85 39.55 18.60 37.55 47.40 16.25 185.35 44.30 21.60 29.94
248 | 1 2 3 4 5 6 7 8 9 10 11 12 13 14 15 17 18 19 20 21 | 23.29 37.64 23.29 133.56 121.30 29.60 47.84 151.80 133.77 29.38 22.10 57.10 39.60 27.10 64.90 35.40 19.00 38.95 39.89 14.07
249 | 1 3 5 6 7 8 9 10 11 12 13 14 15 16 17 18 19 23 25 27 28 30 31 | 52.29 166.74 129.10 138.40 36.25 55.20 33.60 25.50 49.30 84.80 28.10 144.50 122.50 137.30 129.30 12.80 169.80 173.80 91.74 170.20 21.40 39.75 26.09
250 | 1 2 3 4 5 6 7 8 9 10 11 12 13 14 15 16 17 18 19 21 23 24 25 26 27 28 29 30 31 34 | 16.40 35.60 39.21 107.74 36.40 25.30 20.70 55.55 74.30 44.32 43.65 18.88 49.63 22.27 28.60 52.86 84.41 28.23 28.23 172.37 29.01 25.70 27.00 31.40 21.80 26.31 33.80 47.50 18.50 176.80
251 | 1 2 3 4 5 6 7 8 9 10 11 12 13 14 15 16 19 20 22 25 27 29 30 | 25.68 138.65 121.30 36.25 55.20 33.60 25.50 51.64 84.80 28.10 144.50 122.50 140.18 122.70 12.50 168.05 65.88 72.42 63.30 173.80 83.48 39.75 30.70
252 | 1 2 3 4 5 6 7 8 9 10 11 12 13 14 15 | 29.13 37.93 29.13 139.27 126.67 23.75 36.20 37.10 25.50 25.50 48.43 35.74 28.14 44.05 39.60
253 | 1 2 3 4 5 6 7 8 9 10 11 12 13 14 15 16 17 18 19 20 21 23 24 25 26 27 28 29 30 31 | 109.40 151.00 19.35 48.00 29.90 40.10 43.00 18.00 35.60 27.50 42.90 14.60 38.10 25.20 21.00 50.50 36.89 15.87 38.65 27.32 78.84 38.88 21.90 21.90 55.25 18.06 34.40 40.90 16.13 48.40
254 | 1 2 3 4 5 6 7 8 9 10 11 12 14 15 16 17 18 19 20 21 | 20.50 125.70 19.60 139.14 133.77 151.80 28.21 24.70 56.50 48.40 24.30 205.85 34.15 19.20 38.95 39.89 14.07 50.62 26.94 25.70
255 | 1 2 3 5 6 7 8 9 10 11 13 14 15 16 18 19 20 21 22 | 31.80 71.50 31.80 147.95 122.00 126.83 146.09 137.45 128.56 64.59 35.79 53.40 74.50 24.05 39.95 18.90 38.51 37.99 23.69
256 | 1 3 5 6 7 8 9 10 11 12 13 14 15 16 17 18 19 22 24 25 27 29 31 34 36 38 39 41 42 | 52.29 166.74 129.10 138.40 36.25 55.20 33.60 25.50 49.30 84.80 28.10 144.50 122.50 140.18 122.70 12.50 166.56 91.31 78.74 62.47 71.06 77.44 72.62 173.80 91.74 170.20 21.40 39.75 26.09
257 | 1 2 4 5 6 7 8 9 10 11 12 13 14 15 16 | 29.90 210.75 47.54 28.14 28.14 46.97 45.90 41.90 33.00 21.00 21.00 26.94 44.08 73.29 26.02
258 | 1 2 3 4 5 6 7 8 9 10 11 12 13 14 15 16 17 18 19 21 22 23 24 25 26 27 28 29 30 32 | 23.35 35.80 23.35 29.80 30.16 45.10 29.40 27.17 42.27 16.96 38.70 26.95 21.59 51.35 36.89 15.87 38.65 27.32 78.84 38.88 21.90 21.90 55.25 18.06 32.70 41.62 16.30 55.55 80.35 73.49
259 | 1 2 3 4 5 6 7 8 9 10 11 12 13 14 15 16 20 22 24 25 | 25.68 138.65 122.15 39.77 55.20 33.60 25.50 51.64 84.80 28.10 144.50 122.50 137.30 129.30 12.80 169.80 173.80 83.48 38.06 30.70
260 | 1 2 3 4 5 7 8 9 11 12 13 14 15 16 17 18 19 20 21 22 23 24 26 27 28 29 30 31 32 33 | 18.47 35.97 34.00 27.70 79.10 72.20 26.68 26.68 50.90 27.90 33.90 47.00 18.30 41.80 28.10 21.30 52.50 39.00 22.20 36.10 27.80 78.90 39.30 21.85 21.85 148.50 114.90 37.20 44.30 14.30
261 | 1 2 3 4 5 6 7 8 9 10 11 12 13 14 15 16 20 22 24 25 | 25.68 138.65 121.30 36.25 55.20 33.60 25.50 51.64 84.80 28.10 144.50 122.50 137.30 129.30 12.80 169.80 173.80 83.48 39.75 30.70
262 | 1 3 5 6 7 8 9 10 11 12 14 15 17 18 19 20 21 22 23 24 25 26 30 | 52.29 166.74 129.10 138.40 39.77 55.20 33.60 25.50 49.30 88.20 170.20 21.40 38.06 26.09 84.80 28.10 144.50 122.50 137.30 129.30 12.80 169.80 173.80
263 | 1 2 3 4 5 6 7 8 9 10 11 12 13 14 15 16 17 18 19 20 22 23 24 25 26 27 28 29 30 33 | 18.80 136.18 142.75 105.91 35.10 25.30 20.70 55.55 79.56 44.32 43.65 19.76 47.83 23.63 21.48 48.36 50.20 21.49 21.49 215.76 37.46 33.38 26.04 29.54 20.54 26.31 33.80 47.50 18.50 170.15
264 | 1 2 3 4 5 6 7 8 10 11 12 14 15 16 18 19 20 | 14.50 39.89 38.95 19.00 36.23 38.17 27.10 72.00 48.29 34.70 72.90 154.29 128.23 198.96 37.60 26.94 48.90
265 | 1 2 3 5 6 7 8 9 10 11 12 13 14 15 16 17 18 19 20 21 | 31.60 72.30 31.60 146.20 122.00 124.00 146.90 134.50 124.90 30.00 18.85 43.70 37.30 25.30 38.40 18.60 36.23 38.17 17.93 72.00
266 | 1 2 3 4 6 7 8 9 10 11 12 14 15 17 18 19 20 21 22 23 24 25 | 111.16 145.40 73.30 27.90 41.00 20.00 56.54 148.39 108.76 40.50 75.77 170.46 21.19 50.74 33.23 27.39 27.39 41.20 18.92 39.34 37.22 16.59
267 | 1 2 3 4 5 6 7 10 12 13 14 15 16 17 18 19 20 21 22 23 24 26 27 28 29 30 31 32 33 34 | 15.99 35.85 30.74 153.93 108.15 119.26 163.80 149.10 44.02 20.17 44.70 129.74 155.52 130.67 126.67 23.40 46.54 38.52 23.91 23.91 77.58 26.10 37.63 37.43 14.94 59.20 21.75 32.50 45.00 22.10
268 | 1 2 3 4 5 6 7 8 9 10 11 12 13 14 15 16 17 18 19 20 21 23 24 25 26 27 28 29 30 31 | 17.73 131.31 25.82 125.39 25.60 37.00 36.40 19.80 52.70 27.20 35.10 48.80 19.27 48.00 26.65 21.10 47.10 40.50 19.81 19.81 78.83 30.37 32.00 26.05 29.90 20.00 26.26 32.87 45.20 18.11
269 | 1 2 4 5 6 7 8 9 10 11 12 13 14 15 18 19 20 21 22 | 26.38 196.92 135.40 129.17 126.83 147.20 131.10 127.55 29.94 21.60 44.70 47.50 16.25 185.35 37.55 18.60 38.10 39.60 24.00
270 | 1 2 3 4 5 6 7 8 9 10 11 12 13 14 15 16 17 18 19 21 23 24 25 26 27 28 29 30 31 36 | 18.80 136.18 149.30 105.20 32.78 25.30 20.70 45.75 77.23 44.32 41.00 20.17 52.86 23.11 31.97 51.64 81.30 26.75 26.75 165.40 127.60 132.40 101.53 31.40 82.70 33.70 29.20 47.50 18.50 170.15
271 | 1 2 3 4 5 6 7 8 9 10 11 12 13 14 15 | 24.50 139.80 119.00 38.30 40.70 40.00 54.00 47.50 26.30 26.30 58.50 24.20 35.50 54.00 15.60
272 | 1 2 3 4 5 6 7 8 10 12 13 14 15 16 17 18 19 22 23 24 | 22.65 27.30 22.65 133.15 126.10 135.43 135.54 147.08 138.53 40.90 17.90 38.56 18.60 37.55 47.40 16.25 185.50 47.80 21.17 27.00
273 | 1 2 3 4 5 6 7 8 9 10 11 12 13 14 15 16 17 18 19 20 22 23 24 25 26 27 28 29 30 33 | 18.80 136.18 142.75 105.91 36.40 25.30 20.70 55.55 77.23 44.32 44.02 17.85 54.27 21.90 21.48 48.36 50.20 21.49 21.49 215.76 37.46 33.38 26.04 29.54 20.54 26.31 33.80 47.50 18.50 170.15
274 | 1 2 3 4 5 6 7 8 9 10 11 12 13 14 15 16 17 18 19 20 22 23 24 25 26 27 28 29 30 33 | 16.40 35.60 39.21 107.74 35.10 25.30 20.70 55.55 74.30 44.32 43.65 19.76 47.83 23.63 21.48 48.36 50.20 21.49 21.49 215.76 37.46 33.38 26.04 29.54 20.54 26.31 33.80 47.50 18.50 176.80
275 | 1 2 3 4 5 6 7 8 9 10 11 12 13 14 16 17 18 20 21 22 23 24 25 26 27 28 29 30 31 | 12.30 23.00 46.05 26.40 34.00 36.30 18.80 56.10 28.93 24.79 56.93 39.40 47.40 212.58 55.92 43.37 210.59 39.30 39.39 37.47 15.54 50.86 21.64 41.13 42.36 15.17 28.95 19.20 19.20
276 | 1 2 5 6 7 8 9 12 13 14 15 16 17 18 19 20 21 22 23 24 25 29 | 21.40 170.20 88.20 38.06 26.09 131.66 173.75 138.40 39.77 55.20 33.60 25.50 49.30 84.80 28.10 144.50 122.50 137.30 129.30 12.80 169.80 173.80
277 | 1 2 3 4 5 6 7 8 9 10 11 12 13 14 15 16 19 21 22 24 26 28 31 33 35 36 | 25.68 138.65 121.30 36.25 55.20 33.60 25.50 51.64 84.80 28.10 144.50 122.50 140.18 122.70 12.50 166.56 91.31 78.74 62.47 71.06 77.44 72.62 173.80 83.48 39.75 30.70
278 | 1 2 3 4 5 6 7 8 9 10 11 12 13 14 15 16 17 19 20 21 22 23 24 25 26 27 28 29 30 | 12.30 23.00 46.05 26.40 34.00 36.30 18.80 56.10 29.10 25.12 57.54 34.85 31.30 32.40 169.70 123.95 197.55 33.20 35.75 38.50 17.00 54.50 21.16 39.70 42.60 12.00 28.95 19.20 19.20
279 | 1 2 3 4 5 6 7 8 9 10 11 12 13 14 15 | 110.18 143.42 29.75 26.94 38.02 150.50 107.65 32.60 32.15 48.20 28.20 21.12 21.12 44.03 28.98
280 | 1 2 3 4 5 6 7 8 9 10 11 12 13 14 15 16 17 18 19 21 22 23 24 25 26 27 28 29 30 31 32 | 106.60 156.83 31.24 36.10 35.00 19.30 52.30 26.50 35.10 48.80 19.27 48.00 26.65 21.10 47.10 40.50 19.81 19.81 78.83 30.37 32.00 26.05 29.90 20.00 26.26 32.87 45.30 18.11 35.00 22.45 22.45
281 | 1 2 3 4 5 6 7 8 9 10 11 12 13 14 15 16 19 20 22 25 27 29 30 | 25.68 138.65 122.15 39.77 55.20 33.60 25.50 51.64 84.80 28.10 144.50 122.50 140.18 122.70 12.50 168.05 65.88 72.42 63.30 173.80 83.48 38.06 30.70
282 | 1 3 5 6 7 8 9 10 11 13 15 16 17 18 19 21 22 23 25 26 28 29 30 | 51.94 168.21 122.70 12.50 140.18 122.50 144.50 84.80 28.10 174.03 55.90 151.95 136.05 76.27 26.72 32.77 38.06 88.20 170.20 21.40 49.30 25.50 35.74
283 | 1 3 5 6 7 8 9 10 11 12 13 14 15 16 17 18 19 23 25 27 28 30 31 | 52.29 166.74 129.10 138.40 36.25 55.20 33.60 25.50 49.30 84.80 28.10 144.50 122.50 137.30 129.30 12.80 169.80 173.80 91.74 170.20 21.40 39.75 26.09
284 | 1 2 5 6 7 8 9 10 12 13 14 15 16 17 18 19 20 21 22 23 24 27 29 30 32 34 36 39 | 21.40 170.20 88.20 33.40 128.23 138.18 14.29 74.46 38.15 55.20 33.60 25.50 49.30 84.80 28.10 144.50 122.50 140.18 122.70 12.50 166.56 95.30 78.19 62.90 70.89 80.30 67.94 173.80
285 | 1 2 3 4 5 6 7 8 9 11 12 13 14 15 16 18 19 20 21 22 | 111.42 136.36 131.49 17.30 134.67 23.52 62.26 74.29 24.47 44.07 20.00 51.34 38.50 22.50 68.45 35.40 19.30 40.18 38.40 15.22
286 | 1 2 3 4 5 6 7 9 10 11 12 13 14 17 18 19 20 21 22 24 | 17.80 35.60 17.80 85.00 35.59 29.20 93.80 55.17 43.72 48.76 46.30 16.30 183.98 37.94 18.54 32.63 47.76 15.87 209.75 49.49
287 | 1 2 4 5 6 7 8 9 10 11 12 13 14 15 16 17 18 19 20 | 26.38 196.92 135.40 129.17 123.90 146.90 132.73 127.55 29.94 21.60 44.70 39.60 24.00 38.10 18.60 37.55 47.50 16.25 185.50
288 | 1 2 3 4 5 6 7 8 9 10 11 12 13 14 15 16 17 18 19 21 22 23 24 25 26 27 28 29 30 31 32 | 105.70 157.00 31.30 36.10 35.00 19.30 52.30 26.50 35.10 48.80 19.27 48.00 26.65 21.10 47.10 40.50 19.81 19.81 78.83 30.37 32.00 26.05 29.90 20.00 26.26 32.87 45.30 18.11 33.80 21.89 21.89
289 | 1 2 3 4 5 6 7 8 9 10 12 13 14 15 16 17 18 19 20 21 | 23.88 33.48 23.88 146.48 123.90 123.90 141.61 123.30 123.90 197.40 43.37 48.29 38.58 23.92 38.56 18.60 37.40 46.90 16.50 184.72
290 | 1 2 3 4 5 6 7 8 9 10 11 12 13 14 15 16 17 18 19 21 23 24 27 28 29 30 31 32 33 37 | 16.40 35.60 39.21 107.74 36.40 25.30 20.70 55.55 74.30 44.32 43.65 18.88 50.57 24.55 28.35 59.80 81.30 26.75 26.75 169.60 35.40 74.52 78.51 43.30 45.97 17.95 45.26 37.73 82.90 176.80
291 | 1 2 3 4 5 6 7 8 9 10 11 12 13 14 15 | 23.04 143.91 116.10 30.08 36.96 44.34 44.78 33.23 19.82 19.82 21.80 36.26 39.41 19.27 54.28
292 | 1 2 3 4 5 6 7 8 9 10 12 13 14 15 16 19 20 21 22 23 | 23.88 33.48 23.88 146.48 123.70 126.83 146.09 137.45 128.56 64.59 35.79 41.50 46.30 16.30 183.98 37.94 18.60 38.45 38.24 23.61
293 | 1 2 3 4 5 6 7 8 9 10 11 12 13 14 15 16 17 19 20 21 22 23 24 25 26 27 28 29 30 | 12.30 23.00 46.05 26.40 34.00 36.30 18.80 56.10 28.93 24.96 57.40 35.48 32.08 32.40 169.95 123.96 198.08 33.04 35.65 38.55 17.05 54.36 21.16 40.80 43.90 12.39 28.95 19.20 19.20
294 | 1 2 3 4 5 6 7 8 9 10 11 12 14 15 16 | 23.90 135.10 122.40 39.80 46.50 26.00 18.30 18.30 19.30 43.50 73.29 26.02 43.90 23.96 30.29
295 | 1 2 3 4 5 6 7 8 9 10 11 12 13 14 16 17 18 20 21 22 23 24 25 26 27 28 29 30 31 | 12.30 23.00 46.05 26.40 34.00 36.30 18.80 56.10 29.10 25.40 57.20 33.61 35.79 69.34 167.36 133.30 67.10 27.90 37.17 37.59 20.19 52.57 21.16 39.70 43.34 12.71 28.95 19.20 19.20
296 | 1 2 3 4 5 6 7 8 9 10 11 12 13 14 17 18 19 20 21 22 | 109.93 150.50 37.07 21.93 36.40 20.85 51.45 136.20 121.70 24.80 44.48 46.25 16.95 184.10 37.50 19.17 39.24 35.35 16.20 46.30
297 | 1 3 5 6 7 8 9 10 11 13 15 16 17 18 19 21 22 23 25 26 28 29 30 | 51.94 168.21 122.70 12.50 140.18 122.50 144.50 84.80 28.10 170.87 41.20 136.63 132.40 76.27 26.02 39.75 39.75 91.74 170.20 21.40 49.30 25.50 33.75
298 | 1 2 3 5 6 7 8 9 10 11 12 13 15 16 17 19 20 21 23 24 | 19.88 38.34 70.56 35.58 18.57 39.24 37.43 14.94 49.79 26.43 33.70 75.90 74.10 24.55 24.55 133.15 146.61 199.50 43.23 50.98
299 | 1 2 3 4 5 6 7 8 9 10 11 12 13 14 15 | 114.12 135.53 40.40 127.70 141.00 37.40 27.10 27.10 42.00 125.00 134.97 16.02 38.15 25.70 36.00
300 | 1 2 3 4 5 6 7 9 10 11 12 13 14 15 16 17 18 21 22 23 | 17.00 36.95 17.00 76.73 124.77 139.40 196.74 37.30 48.29 40.69 14.95 35.15 19.20 37.40 46.90 16.50 184.72 76.73 33.77 33.77
301 | 1 2 3 4 5 6 7 8 9 11 12 13 14 15 16 17 18 19 20 24 | 25.68 138.65 122.15 39.77 55.20 33.60 25.50 51.64 83.48 38.06 30.70 84.80 28.10 144.50 122.50 137.30 129.30 12.80 169.80 173.80
302 | 1 2 3 4 5 7 8 9 10 11 12 13 14 15 16 | 18.34 39.25 27.80 35.59 83.99 40.06 15.14 28.70 31.97 28.70 22.70 29.90 19.23 22.01 22.01
303 | 1 2 3 4 6 7 8 9 10 11 12 14 15 16 17 18 19 20 21 22 | 111.16 145.40 73.30 27.90 41.00 20.00 56.54 148.39 108.76 37.24 69.65 61.40 33.23 27.39 27.39 41.20 18.92 39.34 37.22 16.59
304 | 1 2 3 4 5 6 7 8 9 10 11 12 13 14 15 16 17 18 19 21 23 24 25 26 27 28 29 30 31 36 | 16.40 35.60 39.21 107.74 35.10 25.30 20.70 55.55 74.30 44.32 43.65 19.76 52.86 23.11 28.35 51.64 81.30 26.75 26.75 165.40 127.60 142.80 85.09 31.40 88.20 32.70 29.20 47.50 18.50 176.80
305 | 1 2 3 4 6 7 8 11 12 13 14 15 16 17 18 19 20 21 22 24 25 26 27 28 29 30 31 32 33 | 18.70 34.47 43.37 204.28 138.37 33.58 173.44 141.84 43.06 50.42 25.18 145.69 116.47 24.40 52.37 47.90 23.02 23.02 216.80 35.03 38.50 34.73 12.73 47.94 18.15 33.74 45.40 19.76 55.05
306 | 1 3 5 6 7 8 9 10 11 13 15 16 17 18 19 20 21 22 24 25 27 28 29 | 51.94 168.21 122.70 12.50 140.18 122.50 144.50 84.80 28.10 173.80 55.20 39.77 122.15 138.65 25.68 30.70 38.06 88.20 170.20 21.40 49.30 25.50 33.60
307 | 1 2 3 5 6 7 8 9 10 11 13 14 15 16 17 18 19 20 21 | 31.80 71.50 31.80 147.95 122.00 123.90 141.61 136.87 128.56 64.05 34.70 48.67 38.58 24.27 38.56 27.22 39.95 74.02 24.05
308 | 1 3 5 6 7 8 9 10 11 12 13 14 15 16 20 22 24 25 | 52.29 166.74 129.10 138.40 36.25 55.20 33.75 27.80 46.84 90.50 24.70 39.83 32.78 177.82 173.80 83.48 39.75 26.09
309 | 1 2 3 4 6 7 8 9 10 11 12 13 14 15 16 18 19 21 22 23 24 25 | 111.16 145.40 73.30 27.90 41.00 20.00 58.50 149.20 109.40 38.50 24.40 51.34 36.80 17.80 73.30 171.30 21.00 35.90 18.57 39.00 38.90 15.30
310 | 1 2 3 4 5 6 7 8 9 10 11 12 13 14 15 18 19 20 22 23 | 17.55 34.40 17.55 59.00 33.70 18.45 53.40 34.60 14.50 37.30 17.85 37.94 46.30 16.30 183.98 41.00 23.50 57.14 62.01 56.10
311 | 1 2 3 5 6 7 8 9 10 11 13 14 15 16 17 18 19 20 21 22 | 31.80 71.50 31.80 147.95 122.00 123.90 141.61 123.30 128.46 197.40 35.87 49.63 38.58 23.92 38.56 18.60 36.23 38.17 17.93 72.00
312 | 1 2 5 6 7 8 9 11 12 13 14 15 16 17 18 19 20 21 22 23 24 28 | 21.40 170.20 88.20 38.06 32.77 76.27 26.72 136.05 151.95 55.90 35.74 25.50 49.30 84.80 28.10 144.50 122.50 137.30 129.30 12.80 169.80 174.03
313 | 1 2 3 4 5 6 7 8 9 10 11 12 13 14 16 17 18 20 21 22 23 24 25 26 27 28 29 30 31 | 12.30 23.00 46.05 26.40 34.00 36.30 18.80 56.10 28.93 25.40 57.20 44.03 34.70 70.33 151.85 133.30 67.10 27.90 37.79 39.81 22.05 51.40 21.16 41.13 43.34 12.71 28.95 19.20 19.20
314 | 1 2 3 5 6 7 8 9 10 12 13 14 15 16 17 18 19 22 23 24 | 31.23 72.11 31.23 123.05 128.56 132.73 148.76 113.00 158.95 39.30 22.85 39.55 18.60 37.55 47.40 16.25 185.35 44.30 21.60 29.94
315 | 1 2 3 5 6 7 8 9 10 11 12 13 14 15 16 19 20 21 22 23 | 31.60 72.30 31.60 146.20 122.00 124.00 147.20 134.50 124.90 29.94 21.60 44.70 47.50 16.25 185.35 37.55 18.60 38.10 39.60 24.00
316 | 1 3 5 6 7 8 9 10 11 12 13 16 17 18 19 20 21 22 23 24 25 26 30 | 52.29 166.74 129.10 138.40 39.77 54.70 35.74 24.59 52.86 56.83 175.39 52.09 34.66 26.09 84.80 28.10 144.50 122.50 137.30 129.30 12.80 169.80 174.03
317 | 1 2 3 5 6 7 8 9 10 11 13 14 15 16 17 19 20 21 22 23 | 31.80 71.50 31.80 147.95 122.00 126.83 146.09 123.30 128.46 197.40 35.84 48.77 38.34 19.88 70.56 35.58 18.60 38.45 38.24 23.61
318 | 1 2 3 4 5 6 7 8 9 10 11 12 13 14 15 | 17.45 130.53 25.32 124.03 26.50 39.20 134.20 15.83 123.07 25.60 39.80 137.10 15.87 124.73 58.50
319 | 1 2 3 4 6 7 8 9 10 11 12 13 14 15 16 17 18 19 20 21 22 24 25 26 27 28 29 30 31 32 | 18.16 40.75 18.16 213.88 38.98 33.41 36.50 18.99 52.41 27.72 35.10 48.80 19.27 47.90 26.79 21.53 48.36 50.20 21.49 21.49 215.76 37.46 33.38 26.00 29.58 21.07 26.43 32.87 45.28 18.11
320 | 1 2 3 5 6 7 8 9 10 11 12 13 15 16 17 19 20 21 23 24 | 19.88 38.34 70.56 35.58 19.00 39.10 39.60 14.40 48.90 26.43 33.70 75.90 74.10 24.55 24.55 133.15 154.29 72.90 35.79 50.98
321 | 1 2 3 4 5 6 7 8 9 10 11 12 13 14 15 16 17 18 19 20 23 24 25 26 27 28 29 30 31 34 | 16.40 35.60 33.90 106.87 32.78 25.30 20.70 45.75 74.30 44.32 41.00 20.17 48.12 26.18 31.97 48.53 144.50 128.23 33.50 170.80 81.93 24.67 24.67 24.77 139.03 115.80 38.17 41.00 20.17 176.80
322 | 1 2 3 4 5 7 8 9 10 11 12 13 14 15 16 | 16.45 134.33 120.04 25.17 150.09 139.77 112.84 113.39 9.77 32.30 153.93 107.90 114.20 9.70 137.90
323 | 1 2 3 4 5 6 7 8 9 11 12 13 14 15 16 18 19 20 21 22 | 111.42 136.36 131.49 17.30 134.67 23.52 62.26 74.29 24.47 43.00 21.74 56.50 48.40 24.30 205.85 34.15 18.73 40.18 38.40 15.22
324 | 1 2 3 4 5 6 7 8 9 10 11 12 13 14 15 16 17 18 19 20 21 22 23 26 27 28 31 32 33 36 | 16.40 35.60 39.21 107.74 35.10 25.30 20.70 55.55 74.30 44.32 43.65 19.76 52.86 23.11 28.35 46.97 45.26 37.73 77.38 32.70 29.20 47.50 18.50 78.51 35.40 169.60 81.93 25.65 25.65 176.80
325 | 1 2 3 5 6 7 8 9 10 11 12 13 14 15 16 17 18 19 20 | 31.60 72.30 31.60 146.20 122.00 124.00 146.60 134.50 124.90 27.00 26.94 52.56 38.58 23.92 38.56 27.22 39.95 74.02 23.98
326 | 1 3 4 5 6 7 8 9 11 12 13 14 15 18 19 20 21 22 23 24 25 | 51.86 75.60 34.20 17.85 17.85 133.15 146.61 196.74 37.30 48.77 46.30 16.30 183.98 37.94 19.17 39.24 37.43 14.94 49.79 26.43 33.70
327 | 1 2 3 4 6 7 8 9 10 12 13 14 15 16 17 20 21 22 23 24 | 18.16 40.75 18.16 213.88 38.98 24.60 49.79 142.07 191.93 126.67 24.80 44.85 46.25 16.95 184.10 37.50 18.35 38.56 35.03 14.23
328 | 1 3 5 6 7 8 9 10 11 12 14 15 17 18 19 20 21 22 23 24 25 26 29 31 32 34 36 38 41 | 52.29 166.74 129.10 138.40 39.77 55.20 33.60 25.50 49.30 88.20 170.20 21.40 38.06 26.09 84.80 28.10 144.50 122.50 140.18 122.70 12.50 166.56 95.30 78.19 62.90 70.89 80.30 72.62 173.80
329 | 1 2 3 4 5 6 7 8 9 10 11 12 13 14 15 16 17 18 19 20 21 23 24 25 26 27 28 29 30 31 | 17.73 131.31 25.82 125.39 25.60 37.00 36.40 19.80 52.70 27.20 35.10 48.80 19.27 48.00 26.65 21.10 47.10 40.50 19.81 19.81 78.83 30.37 32.00 26.05 29.90 20.00 26.26 32.87 45.20 18.11
330 | 1 2 3 5 6 7 8 9 10 11 13 14 15 16 17 19 20 21 22 23 | 31.80 71.50 31.80 147.95 122.00 126.83 146.09 137.45 128.56 64.59 35.79 41.50 48.40 24.30 205.85 34.15 18.60 38.45 38.24 23.61
331 | 1 3 5 6 7 8 9 10 11 12 14 15 16 17 18 19 20 21 22 23 26 28 29 31 33 35 37 39 | 52.29 166.74 129.10 138.40 39.77 55.20 35.74 28.14 52.86 83.48 38.06 26.09 35.96 21.79 136.50 125.00 140.18 122.70 12.50 166.56 95.30 78.74 62.47 71.06 77.44 72.62 72.51 174.08
332 | 1 3 5 6 7 8 9 10 11 12 14 15 17 18 19 20 21 22 23 24 25 26 29 31 32 34 36 38 41 | 52.29 166.74 129.10 138.40 39.77 55.20 33.60 25.50 49.30 88.20 170.20 21.40 38.06 26.09 84.80 28.10 144.50 122.50 140.18 122.70 12.50 166.56 95.30 78.74 62.47 71.06 77.44 72.62 173.80
333 | 1 2 3 4 6 7 8 9 10 11 12 13 14 15 16 17 18 19 20 21 22 23 24 25 26 27 28 29 30 31 32 33 34 35 36 37 39 40 41 42 | 22.30 154.80 130.90 198.90 53.60 38.10 28.95 28.95 143.85 133.03 133.03 137.10 12.88 140.41 125.36 136.60 137.52 12.93 140.70 125.03 125.03 140.70 137.52 12.93 136.60 125.36 140.41 137.10 12.88 133.03 133.03 143.85 154.80 22.30 130.90 198.90 53.60 38.10 28.95 28.95
334 | 1 2 3 4 6 7 8 10 11 12 13 14 17 18 19 20 21 22 23 24 | 17.25 34.36 17.25 82.73 133.15 146.61 196.74 37.30 48.77 46.30 16.30 183.98 37.94 19.17 39.24 37.43 14.94 49.79 26.43 33.70
335 | 1 2 3 5 6 7 8 9 10 11 13 14 15 16 17 18 19 20 21 22 | 31.80 71.50 31.80 147.95 122.00 123.90 141.61 136.87 128.56 64.05 34.70 48.29 38.58 23.92 38.56 18.25 34.15 48.40 24.30 205.85
336 | 1 2 5 6 7 8 9 10 11 12 13 14 15 16 17 18 19 20 21 22 23 27 | 21.40 170.20 88.20 38.06 30.70 138.65 25.68 122.15 39.77 55.20 33.60 25.50 49.30 84.80 28.10 144.50 122.50 137.30 129.30 12.80 169.80 173.80
337 | 1 2 3 5 7 8 9 11 12 13 14 15 18 19 20 21 22 23 24 25 | 24.55 74.10 24.55 75.24 124.77 154.29 70.40 29.30 41.00 46.90 16.50 184.72 37.40 20.37 38.95 39.89 14.07 48.90 26.94 33.77
338 | 1 2 3 4 5 6 7 8 9 10 11 12 13 14 15 16 17 18 19 21 23 24 25 26 27 28 29 30 31 36 | 16.40 35.60 33.90 106.87 32.78 25.30 20.70 45.75 74.30 44.32 41.00 20.17 52.86 23.11 31.97 51.64 81.30 26.75 26.75 165.40 127.60 132.40 101.53 31.40 82.70 33.70 29.20 47.50 18.50 176.80
339 | 1 2 3 4 5 6 7 10 12 13 14 15 16 17 18 19 20 21 22 23 24 26 27 28 29 30 31 32 33 34 | 17.02 33.00 30.74 153.93 108.15 119.26 163.80 149.10 54.00 15.30 44.70 129.74 155.99 135.80 126.67 24.28 46.54 38.52 23.91 23.91 77.58 27.19 36.49 39.00 15.20 47.84 19.27 32.50 50.16 23.80
340 | 1 2 3 4 6 7 8 9 10 11 12 14 15 17 18 19 20 21 22 23 24 25 | 118.15 134.40 41.25 71.75 34.86 26.20 57.60 148.39 108.76 40.50 78.88 170.04 21.24 50.74 33.23 27.39 27.39 41.20 18.92 39.34 37.22 15.54
341 | 1 2 3 5 6 7 8 9 10 11 13 14 15 16 17 18 19 20 21 22 | 31.80 71.50 31.80 147.95 122.00 123.90 141.61 136.87 128.56 64.05 34.70 49.63 38.58 23.92 38.56 18.60 36.23 38.17 17.93 72.00
342 | 1 2 3 4 6 7 8 9 10 11 12 13 14 15 16 18 19 20 21 22 | 111.16 145.40 73.30 27.90 41.00 20.00 58.50 149.20 109.40 38.83 24.70 56.50 48.40 24.30 205.85 34.15 19.20 38.95 39.89 14.07
343 | 1 2 3 4 5 6 7 8 9 11 12 13 14 15 16 18 19 21 22 23 24 25 | 111.42 136.36 131.49 17.30 134.67 23.52 62.26 74.29 24.47 44.07 20.00 51.34 36.80 17.80 73.30 171.30 21.00 35.90 19.30 40.18 38.40 15.22
344 | 1 2 3 4 5 6 7 9 10 11 12 13 16 17 18 19 20 21 22 23 | 17.25 34.36 17.25 75.90 133.15 140.80 196.74 37.30 48.77 46.30 16.30 183.98 37.94 18.73 36.11 40.69 14.95 75.90 33.70 33.70
345 | 1 2 3 4 5 6 7 8 9 10 11 12 13 14 15 16 17 18 19 21 23 24 27 28 29 30 31 32 33 37 | 16.40 35.60 33.90 106.87 32.78 25.30 20.70 45.75 74.30 44.32 41.00 20.17 50.57 24.55 31.97 59.80 81.30 26.75 26.75 169.60 38.82 75.91 78.51 44.34 41.00 20.17 45.26 37.73 82.90 176.80
346 | 1 3 5 6 7 8 9 10 11 12 14 15 17 18 19 20 21 22 23 27 | 52.29 166.74 129.10 138.40 39.77 55.20 35.74 25.50 49.30 88.20 170.20 21.40 38.06 26.09 90.50 24.70 39.14 32.78 177.82 173.80
347 | 1 2 3 4 6 7 8 9 10 11 12 14 15 16 17 18 19 20 21 22 | 118.15 134.40 40.80 71.75 34.30 26.20 56.54 147.28 109.09 39.45 68.92 61.40 33.23 27.39 27.39 41.20 19.30 39.24 37.43 14.94
348 | 1 3 5 6 7 8 9 10 11 12 13 14 15 16 17 18 19 22 23 25 28 30 32 33 35 36 | 52.29 166.74 129.10 138.40 39.77 55.20 33.60 25.50 49.30 84.80 28.10 144.50 122.50 140.18 122.70 12.50 168.05 65.88 72.42 63.30 173.80 88.20 170.20 21.40 38.06 26.09
349 | 1 2 3 4 5 7 8 9 11 12 13 14 15 16 17 18 19 20 21 22 23 25 26 27 28 29 30 31 32 33 | 18.47 35.97 34.00 27.70 79.10 72.20 27.25 27.25 50.90 27.90 33.90 47.00 18.30 41.80 28.10 21.30 52.50 39.30 21.85 21.85 78.90 27.80 36.10 39.00 22.20 148.50 114.90 37.20 44.30 14.30
350 | 1 2 3 4 5 6 7 8 9 11 12 13 14 15 16 17 18 19 20 23 24 26 29 | 25.68 138.65 122.15 39.77 55.20 33.60 25.50 49.30 83.48 38.06 30.70 84.80 28.10 144.50 122.50 140.18 122.70 12.50 168.05 65.88 72.42 63.30 173.80
351 | 1 2 3 4 5 6 7 8 9 10 11 12 13 14 15 16 17 18 19 21 22 23 24 25 26 27 28 29 30 31 32 | 106.60 156.83 31.24 36.10 35.00 19.30 52.30 26.50 35.10 48.80 19.27 47.90 26.79 21.53 48.36 50.20 21.49 21.49 215.76 37.46 33.38 26.00 29.58 21.07 26.43 32.87 45.30 18.11 35.00 22.45 22.45
352 | 1 2 3 4 5 6 7 8 9 10 12 13 14 15 16 17 18 19 20 | 23.88 33.48 23.88 146.48 123.90 123.90 141.61 136.87 128.56 64.05 34.70 52.56 38.58 23.92 38.56 27.22 39.95 74.02 23.98
353 | 1 2 5 6 7 8 9 12 13 14 15 16 17 18 19 20 21 22 23 24 25 29 | 21.40 170.20 91.74 39.75 26.09 131.66 173.75 138.40 36.25 55.20 33.60 25.50 49.30 84.80 28.10 144.50 122.50 137.30 129.30 12.80 169.80 173.80
354 | 1 2 5 6 7 8 9 10 11 12 13 14 15 16 17 18 19 20 21 22 23 27 | 21.40 170.20 91.74 39.75 30.70 138.65 25.68 121.30 36.25 55.20 33.60 25.50 49.30 84.80 28.10 144.50 122.50 137.30 129.30 12.80 169.80 173.80
355 | 1 2 3 4 5 6 7 8 9 10 11 12 14 15 16 | 23.90 135.10 122.40 39.80 46.50 26.00 18.30 18.30 21.80 43.50 73.29 26.02 46.97 23.96 31.10
356 | 1 2 3 4 5 6 7 8 9 10 11 12 13 14 15 17 19 20 21 24 25 26 27 28 | 24.00 33.40 24.00 145.40 123.70 124.20 147.20 134.70 126.80 30.10 19.10 44.60 37.60 17.40 68.50 172.86 28.61 28.74 177.90 35.60 18.60 38.40 37.30 25.30
357 | 1 3 5 6 7 8 9 10 11 12 14 15 16 17 18 19 20 21 22 23 27 | 52.29 166.74 129.10 138.40 39.77 55.20 33.60 25.50 49.30 83.48 38.06 26.09 84.80 28.10 144.50 122.50 137.30 129.30 12.80 169.80 173.80
358 | 1 3 5 6 7 8 9 10 11 12 13 14 15 16 17 18 19 22 24 26 28 29 31 32 | 52.29 166.74 129.10 138.40 39.77 55.20 33.60 25.50 49.30 84.80 28.10 144.50 122.50 140.18 122.70 12.50 168.21 51.94 173.80 88.20 170.20 21.40 38.06 26.09
359 | 1 2 3 4 6 7 8 9 10 11 12 13 14 15 16 18 19 21 22 23 24 25 | 111.16 145.40 73.30 27.90 41.00 20.00 58.50 149.20 109.40 38.50 24.40 51.34 36.80 17.80 73.30 171.30 21.00 35.90 19.00 39.00 38.90 15.30
360 | 1 3 5 6 7 8 9 10 11 12 13 14 15 16 17 18 19 20 21 22 26 27 28 29 30 31 32 33 34 35 36 | 51.66 174.59 28.69 25.70 27.00 31.40 21.80 26.31 33.80 47.50 18.50 55.55 25.30 20.70 35.10 107.74 39.21 35.60 16.40 176.80 74.30 44.32 43.65 19.76 47.83 23.63 28.60 48.90 75.20 29.45 29.45
361 | 1 2 3 4 6 7 8 10 11 12 13 14 16 17 18 19 20 21 22 23 | 17.25 34.36 17.25 82.73 133.15 146.61 199.50 43.23 50.98 38.34 19.88 70.56 35.58 18.57 39.24 37.43 14.94 49.79 26.43 33.70
362 | 1 2 3 4 5 6 7 9 10 11 12 13 14 15 16 17 18 21 22 23 | 15.80 36.95 15.80 76.73 135.66 134.86 196.74 37.30 48.29 40.69 14.95 35.15 19.20 37.40 46.90 16.50 184.72 75.24 33.77 32.70
363 | 1 2 3 5 6 7 8 9 10 11 12 13 14 15 16 17 18 19 20 21 22 23 24 25 26 27 28 29 30 31 | 6.80 58.20 213.10 41.50 22.30 59.50 42.10 14.60 41.30 18.20 53.10 37.40 17.90 35.60 30.50 39.70 18.60 42.80 35.30 28.20 33.40 33.40 32.80 39.20 30.00 32.10 36.00 32.40 38.30 20.20
364 | 1 2 3 4 5 6 7 8 9 10 12 13 14 15 16 17 18 19 20 21 | 23.88 33.48 23.88 146.48 123.90 123.90 141.61 136.87 128.56 64.05 34.70 48.29 38.58 23.92 38.56 18.60 37.40 46.90 16.50 184.72
365 | 1 3 5 6 7 8 9 10 11 12 13 14 15 16 17 18 19 20 21 22 26 27 28 29 30 31 32 33 34 35 36 | 51.20 174.27 29.20 25.70 27.00 31.40 21.80 26.31 33.80 47.50 18.50 45.75 25.30 20.70 32.78 106.87 33.90 35.60 16.40 176.80 74.30 44.32 41.00 20.17 41.50 21.90 28.60 48.90 75.20 29.45 29.45
366 | 1 3 5 6 7 8 9 10 11 12 13 14 15 16 17 18 19 23 25 27 28 30 31 | 52.29 166.74 129.10 138.40 39.77 55.20 33.60 25.50 49.30 84.80 28.10 144.50 122.50 137.30 129.30 12.80 169.80 173.80 88.20 170.20 21.40 38.06 26.09
367 | 1 2 5 6 7 8 9 11 12 13 14 15 16 17 18 19 20 21 22 23 24 28 | 21.40 170.20 91.74 39.75 39.75 76.27 26.02 132.40 136.63 41.20 33.75 25.50 49.30 84.80 28.10 144.50 122.50 137.30 129.30 12.80 169.80 170.87
368 | 1 2 3 4 5 6 7 8 9 10 11 12 13 14 15 16 17 18 19 20 21 22 23 25 26 27 30 31 32 35 | 16.40 35.60 39.21 107.74 36.40 25.30 20.70 55.55 74.30 46.30 45.20 24.55 28.40 23.74 131.99 153.15 131.14 147.50 74.25 30.40 28.40 44.02 17.95 158.48 95.97 166.42 87.86 25.04 25.04 176.80
369 | 1 2 3 4 5 6 7 8 9 10 11 12 13 14 15 16 17 18 19 21 23 24 25 26 27 28 29 30 31 36 | 18.80 136.18 142.75 105.91 35.10 25.30 20.70 55.55 79.56 44.32 43.65 19.76 52.86 23.11 28.35 51.64 81.30 26.75 26.75 165.40 127.60 136.05 84.71 31.40 77.45 32.70 29.20 47.50 18.50 170.15
370 | 1 2 3 4 5 6 7 8 9 10 11 12 15 16 17 18 19 20 21 22 | 21.58 30.32 21.58 154.29 133.15 75.90 33.70 21.74 48.30 44.24 29.22 182.37 38.54 17.85 37.50 37.17 15.11 53.40 35.79 83.70
371 | 1 2 3 4 5 6 7 8 9 10 12 13 14 15 16 17 18 19 20 21 | 23.88 33.48 23.88 146.48 123.90 123.90 141.61 136.87 128.56 64.30 34.70 49.63 38.58 23.92 38.56 18.60 36.23 38.17 17.93 72.00
372 | 1 2 3 4 6 7 8 10 11 12 13 14 15 16 17 18 19 21 22 23 | 17.57 35.98 17.57 82.73 124.77 136.64 199.50 43.37 49.63 39.89 14.07 38.95 19.00 36.23 38.17 17.93 72.00 49.55 26.94 33.77
373 | 1 2 3 4 5 6 7 8 9 10 11 12 13 14 15 16 17 18 19 20 23 24 25 26 27 28 29 30 31 34 | 16.40 35.60 39.21 107.74 36.40 25.30 20.70 55.55 74.30 44.32 43.65 18.88 49.50 27.00 28.35 48.53 146.05 128.23 33.50 170.80 81.93 25.65 25.65 24.77 135.30 115.80 38.17 45.97 17.95 176.80
374 | 1 3 5 6 7 8 9 10 11 12 14 15 16 17 18 19 20 21 22 23 26 27 29 32 | 52.29 166.74 129.10 138.40 39.77 55.20 33.60 25.50 49.30 83.48 38.06 26.09 84.80 28.10 144.50 122.50 140.18 122.70 12.50 168.05 65.88 72.42 63.30 173.80
375 | 1 2 5 6 7 8 9 10 11 12 13 14 15 16 17 18 19 20 21 22 23 26 28 29 31 33 35 38 | 21.40 170.20 91.74 39.75 30.70 138.65 25.68 121.30 36.25 55.20 33.60 25.50 49.30 84.80 28.10 144.50 122.50 140.18 122.70 12.50 166.56 91.31 78.74 62.47 71.06 77.44 72.62 173.80
376 | 1 3 5 6 7 8 9 10 11 12 13 14 16 17 18 19 20 21 22 23 24 | 51.97 177.90 45.77 20.60 36.75 18.73 36.11 40.69 14.95 48.77 37.30 196.74 140.80 133.15 75.90 34.36 17.25 17.25 33.70 33.70 75.90
